1.953001 -2.389374 -2.389374
1.998867 -2.378390 -2.383660

1.998867 -2.378390 -2.383660
2.041170 -2.378390 -2.378390

1.953001 -2.389374 -2.389374
1.998570 -2.417577 -2.383697

1.998570 -2.417577 -2.383697
2.041170 -2.378390 -2.378390

1.998570 -2.417577 -2.417577
2.041170 -2.561408 -2.378390

2.041170 -2.561408 -2.378390
2.041170 -2.378390 -2.378390

1.998570 -2.417577 -2.417577
1.953001 -2.428857 -2.389374

1.953001 -2.428857 -2.389374
1.953001 -2.389374 -2.389374

2.041170 -2.561408 -2.561408
1.998570 -2.561408 -2.417577

1.998570 -2.561408 -2.417577
1.998570 -2.417577 -2.417577

1.998570 -2.561408 -2.561408
1.949587 -2.561408 -2.600000

1.949587 -2.561408 -2.600000
1.949587 -2.600000 -2.600000

1.949587 -2.600000 -2.600000
1.998570 -2.561408 -2.579359

1.998570 -2.561408 -2.579359
2.041170 -2.561408 -2.561408

1.949587 -2.600000 -2.600000
2.041170 -2.561408 -2.574856

2.041170 -2.561408 -2.574856
2.090153 -2.561408 -2.561408

1.949587 -2.600000 -2.600000
2.090153 -2.600000 -2.561408

2.090153 -2.600000 -2.561408
2.090153 -2.561408 -2.561408

1.815850 -2.378390 -2.378390
1.772062 -2.600000 -2.378390

1.772062 -2.600000 -2.378390
1.772062 -2.378390 -2.378390

1.772062 -2.600000 -2.600000
1.815850 -2.561408 -2.378390

1.815850 -2.561408 -2.378390
1.815850 -2.378390 -2.378390

1.772062 -2.600000 -2.600000
1.815850 -2.561408 -2.587706

1.815850 -2.561408 -2.587706
1.909511 -2.561408 -2.561408

1.772062 -2.600000 -2.600000
1.909511 -2.600000 -2.561408

1.909511 -2.600000 -2.561408
1.909511 -2.561408 -2.561408

1.624372 -2.369039 -2.369039
1.581178 -2.600000 -2.369039

1.581178 -2.600000 -2.369039
1.581178 -2.369039 -2.369039

1.581178 -2.600000 -2.600000
1.624372 -2.458692 -2.369039

1.624372 -2.458692 -2.369039
1.624372 -2.369039 -2.369039

1.664382 -2.429801 -2.429801
1.666972 -2.429748 -2.429823

1.666972 -2.429748 -2.429823
1.670825 -2.429857 -2.429857

1.661855 -2.429958 -2.429958
1.664382 -2.429801 -2.429930

1.664382 -2.429801 -2.429930
1.670825 -2.429857 -2.429857

1.661855 -2.429958 -2.429958
1.670825 -2.429857 -2.430117

1.670825 -2.429857 -2.430117
1.674517 -2.430183 -2.430183

1.659393 -2.430221 -2.430221
1.661855 -2.429958 -2.430215

1.661855 -2.429958 -2.430215
1.674517 -2.430183 -2.430183

1.659393 -2.430221 -2.430221
1.674517 -2.430183 -2.430631

1.674517 -2.430183 -2.430631
1.678049 -2.430727 -2.430727

1.656994 -2.430589 -2.430589
1.659393 -2.430221 -2.430605

1.659393 -2.430221 -2.430605
1.678049 -2.430727 -2.430727

1.654659 -2.431062 -2.431062
1.656994 -2.430589 -2.431029

1.656994 -2.430589 -2.431029
1.678049 -2.430727 -2.430727

1.654659 -2.431062 -2.431062
1.678049 -2.430727 -2.431434

1.678049 -2.430727 -2.431434
1.681419 -2.431488 -2.431488

1.652388 -2.431641 -2.431641
1.654659 -2.431062 -2.431629

1.654659 -2.431062 -2.431629
1.681419 -2.431488 -2.431488

1.652388 -2.431641 -2.431641
1.681419 -2.431488 -2.432384

1.681419 -2.431488 -2.432384
1.684629 -2.432467 -2.432467

1.650182 -2.432324 -2.432324
1.652388 -2.431641 -2.432333

1.652388 -2.431641 -2.432333
1.684629 -2.432467 -2.432467

1.648039 -2.433112 -2.433112
1.650182 -2.432324 -2.433075

1.650182 -2.432324 -2.433075
1.684629 -2.432467 -2.432467

1.648039 -2.433112 -2.433112
1.684629 -2.432467 -2.433621

1.684629 -2.432467 -2.433621
1.687678 -2.433663 -2.433663

1.645959 -2.434006 -2.434006
1.648039 -2.433112 -2.433989

1.648039 -2.433112 -2.433989
1.687678 -2.433663 -2.433663

1.645959 -2.434006 -2.434006
1.687678 -2.433663 -2.435007

1.687678 -2.433663 -2.435007
1.690567 -2.435077 -2.435077

1.643944 -2.435005 -2.435005
1.645959 -2.434006 -2.435008

1.645959 -2.434006 -2.435008
1.690567 -2.435077 -2.435077

1.641993 -2.436109 -2.436109
1.643944 -2.435005 -2.436068

1.643944 -2.435005 -2.436068
1.690567 -2.435077 -2.435077

1.641993 -2.436109 -2.436109
1.690567 -2.435077 -2.436676

1.690567 -2.435077 -2.436676
1.693294 -2.436708 -2.436708

1.640106 -2.437318 -2.437318
1.641993 -2.436109 -2.437296

1.641993 -2.436109 -2.437296
1.693294 -2.436708 -2.436708

1.640106 -2.437318 -2.437318
1.693294 -2.436708 -2.438499

1.693294 -2.436708 -2.438499
1.695861 -2.438556 -2.438556

1.638296 -2.438623 -2.438623
1.640106 -2.437318 -2.438621

1.640106 -2.437318 -2.438621
1.695861 -2.438556 -2.438556

1.638296 -2.438623 -2.438623
1.695861 -2.438556 -2.440543

1.695861 -2.438556 -2.440543
1.698267 -2.440623 -2.440623

1.636576 -2.440015 -2.440015
1.638296 -2.438623 -2.440032

1.638296 -2.438623 -2.440032
1.698267 -2.440623 -2.440623

1.634948 -2.441493 -2.441493
1.636576 -2.440015 -2.441470

1.636576 -2.440015 -2.441470
1.698267 -2.440623 -2.440623

1.634948 -2.441493 -2.441493
1.698267 -2.440623 -2.442858

1.698267 -2.440623 -2.442858
1.700512 -2.442906 -2.442906

1.633410 -2.443058 -2.443058
1.634948 -2.441493 -2.443054

1.634948 -2.441493 -2.443054
1.700512 -2.442906 -2.442906

1.633410 -2.443058 -2.443058
1.700512 -2.442906 -2.445337

1.700512 -2.442906 -2.445337
1.702596 -2.445408 -2.445408

1.631963 -2.444709 -2.444709
1.633410 -2.443058 -2.444723

1.633410 -2.443058 -2.444723
1.702596 -2.445408 -2.445408

1.630606 -2.446447 -2.446447
1.631963 -2.444709 -2.446427

1.631963 -2.444709 -2.446427
1.702596 -2.445408 -2.445408

1.630606 -2.446447 -2.446447
1.702596 -2.445408 -2.448081

1.702596 -2.445408 -2.448081
1.704516 -2.448124 -2.448124

1.629340 -2.448271 -2.448271
1.630606 -2.446447 -2.448269

1.630606 -2.446447 -2.448269
1.704516 -2.448124 -2.448124

1.629340 -2.448271 -2.448271
1.704516 -2.448124 -2.450991

1.704516 -2.448124 -2.450991
1.706270 -2.451054 -2.451054

1.628165 -2.450182 -2.450182
1.629340 -2.448271 -2.450195

1.629340 -2.448271 -2.450195
1.706270 -2.451054 -2.451054

1.627081 -2.452180 -2.452180
1.628165 -2.450182 -2.452164

1.628165 -2.450182 -2.452164
1.706270 -2.451054 -2.451054

1.627081 -2.452180 -2.452180
1.706270 -2.451054 -2.454158

1.706270 -2.451054 -2.454158
1.707856 -2.454198 -2.454198

1.626087 -2.454264 -2.454264
1.627081 -2.452180 -2.454263

1.627081 -2.452180 -2.454263
1.707856 -2.454198 -2.454198

1.626087 -2.454264 -2.454264
1.707856 -2.454198 -2.457498

1.707856 -2.454198 -2.457498
1.709275 -2.457554 -2.457554

1.625184 -2.456435 -2.456435
1.626087 -2.454264 -2.456447

1.626087 -2.454264 -2.456447
1.709275 -2.457554 -2.457554

1.624372 -2.458692 -2.458692
1.625184 -2.456435 -2.458681

1.625184 -2.456435 -2.458681
1.709275 -2.457554 -2.457554

1.624372 -2.458692 -2.458692
1.709275 -2.457554 -2.461089

1.709275 -2.457554 -2.461089
1.710528 -2.461124 -2.461124

1.581178 -2.600000 -2.600000
1.624372 -2.458692 -2.491051

1.624372 -2.458692 -2.491051
1.628129 -2.481574 -2.481574

1.629010 -2.479549 -2.479549
1.628129 -2.481574 -2.475586

1.628129 -2.481574 -2.475586
1.624372 -2.458692 -2.458692

1.629984 -2.477637 -2.477637
1.629010 -2.479549 -2.474349

1.629010 -2.479549 -2.474349
1.624372 -2.458692 -2.458692

1.631051 -2.475836 -2.475836
1.629984 -2.477637 -2.473098

1.629984 -2.477637 -2.473098
1.624372 -2.458692 -2.458692

1.632201 -2.474165 -2.474165
1.631051 -2.475836 -2.471893

1.631051 -2.475836 -2.471893
1.624372 -2.458692 -2.458692

1.633422 -2.472639 -2.472639
1.632201 -2.474165 -2.470757

1.632201 -2.474165 -2.470757
1.624372 -2.458692 -2.458692

1.634716 -2.471258 -2.471258
1.633422 -2.472639 -2.469687

1.633422 -2.472639 -2.469687
1.624372 -2.458692 -2.458692

1.636082 -2.470023 -2.470023
1.634716 -2.471258 -2.468701

1.634716 -2.471258 -2.468701
1.624372 -2.458692 -2.458692

1.637520 -2.468933 -2.468933
1.636082 -2.470023 -2.467813

1.636082 -2.470023 -2.467813
1.624372 -2.458692 -2.458692

1.639030 -2.467988 -2.467988
1.637520 -2.468933 -2.467030

1.637520 -2.468933 -2.467030
1.624372 -2.458692 -2.458692

1.640612 -2.467189 -2.467189
1.639030 -2.467988 -2.466361

1.639030 -2.467988 -2.466361
1.624372 -2.458692 -2.458692

1.642266 -2.466535 -2.466535
1.640612 -2.467189 -2.465810

1.640612 -2.467189 -2.465810
1.624372 -2.458692 -2.458692

1.643993 -2.466026 -2.466026
1.642266 -2.466535 -2.465381

1.642266 -2.466535 -2.465381
1.624372 -2.458692 -2.458692

1.645791 -2.465662 -2.465662
1.643993 -2.466026 -2.465077

1.643993 -2.466026 -2.465077
1.624372 -2.458692 -2.458692

1.647662 -2.465445 -2.465445
1.645791 -2.465662 -2.464902

1.645791 -2.465662 -2.464902
1.624372 -2.458692 -2.458692

1.649605 -2.465372 -2.465372
1.647662 -2.465445 -2.464858

1.647662 -2.465445 -2.464858
1.624372 -2.458692 -2.458692

1.710528 -2.461124 -2.461124
1.649605 -2.465372 -2.459405

1.649605 -2.465372 -2.459405
1.624372 -2.458692 -2.458692

1.649605 -2.465372 -2.465372
1.710528 -2.461124 -2.464916

1.710528 -2.461124 -2.464916
1.711613 -2.464908 -2.464908

1.649605 -2.465372 -2.465372
1.651490 -2.465425 -2.465358

1.651490 -2.465425 -2.465358
1.711613 -2.464908 -2.464908

1.651490 -2.465425 -2.465425
1.711613 -2.464908 -2.468852

1.711613 -2.464908 -2.468852
1.712532 -2.468905 -2.468905

1.712532 -2.468905 -2.468905
1.653285 -2.465586 -2.465528

1.653285 -2.465586 -2.465528
1.651490 -2.465425 -2.465425

1.712532 -2.468905 -2.468905
1.654991 -2.465854 -2.465682

1.654991 -2.465854 -2.465682
1.653285 -2.465586 -2.465586

1.712532 -2.468905 -2.468905
1.656606 -2.466229 -2.465940

1.656606 -2.466229 -2.465940
1.654991 -2.465854 -2.465854

1.712532 -2.468905 -2.468905
1.658133 -2.466712 -2.466302

1.658133 -2.466712 -2.466302
1.656606 -2.466229 -2.466229

1.712532 -2.468905 -2.468905
1.659569 -2.467301 -2.466770

1.659569 -2.467301 -2.466770
1.658133 -2.466712 -2.466712

1.712532 -2.468905 -2.468905
1.660916 -2.467998 -2.467342

1.660916 -2.467998 -2.467342
1.659569 -2.467301 -2.467301

1.712532 -2.468905 -2.468905
1.662173 -2.468802 -2.468020

1.662173 -2.468802 -2.468020
1.660916 -2.467998 -2.467998

1.712532 -2.468905 -2.468905
1.663340 -2.469713 -2.468805

1.663340 -2.469713 -2.468805
1.662173 -2.468802 -2.468802

1.663340 -2.469713 -2.469713
1.712532 -2.468905 -2.473064

1.712532 -2.468905 -2.473064
1.713283 -2.473115 -2.473115

1.713283 -2.473115 -2.473115
1.664418 -2.470732 -2.469787

1.664418 -2.470732 -2.469787
1.663340 -2.469713 -2.469713

1.713283 -2.473115 -2.473115
1.665406 -2.471858 -2.470780

1.665406 -2.471858 -2.470780
1.664418 -2.470732 -2.470732

1.713283 -2.473115 -2.473115
1.666304 -2.473090 -2.471881

1.666304 -2.473090 -2.471881
1.665406 -2.471858 -2.471858

1.713283 -2.473115 -2.473115
1.667122 -2.474448 -2.473091

1.667122 -2.474448 -2.473091
1.666304 -2.473090 -2.473090

1.667122 -2.474448 -2.474448
1.713283 -2.473115 -2.477500

1.713283 -2.473115 -2.477500
1.713867 -2.477539 -2.477539

1.713867 -2.477539 -2.477539
1.667869 -2.475948 -2.474497

1.667869 -2.475948 -2.474497
1.667122 -2.474448 -2.474448

1.713867 -2.477539 -2.477539
1.668544 -2.477590 -2.475971

1.668544 -2.477590 -2.475971
1.667869 -2.475948 -2.475948

1.668544 -2.477590 -2.477590
1.713867 -2.477539 -2.482134

1.713867 -2.477539 -2.482134
1.714285 -2.482176 -2.482176

1.714285 -2.482176 -2.482176
1.669149 -2.479374 -2.477650

1.669149 -2.479374 -2.477650
1.668544 -2.477590 -2.477590

1.714285 -2.482176 -2.482176
1.669683 -2.481300 -2.479407

1.669683 -2.481300 -2.479407
1.669149 -2.479374 -2.479374

1.714285 -2.482176 -2.482176
1.670145 -2.483369 -2.481309

1.670145 -2.483369 -2.481309
1.669683 -2.481300 -2.481300

1.581178 -2.600000 -2.600000
1.627340 -2.483711 -2.483563

1.627340 -2.483711 -2.483563
1.628129 -2.481574 -2.481574

1.670145 -2.483369 -2.483369
1.714285 -2.482176 -2.487005

1.714285 -2.482176 -2.487005
1.714535 -2.487026 -2.487026

1.714535 -2.487026 -2.487026
1.670536 -2.485580 -2.483402

1.670536 -2.485580 -2.483402
1.670145 -2.483369 -2.483369

1.581178 -2.600000 -2.600000
1.626645 -2.485961 -2.485464

1.626645 -2.485961 -2.485464
1.627340 -2.483711 -2.483711

1.714535 -2.487026 -2.487026
1.670856 -2.487934 -2.485591

1.670856 -2.487934 -2.485591
1.670536 -2.485580 -2.485580

1.581178 -2.600000 -2.600000
1.626042 -2.488323 -2.487474

1.626042 -2.488323 -2.487474
1.626645 -2.485961 -2.485961

1.670856 -2.487934 -2.487934
1.714535 -2.487026 -2.492082

1.714535 -2.487026 -2.492082
1.714619 -2.492090 -2.492090

1.714619 -2.492090 -2.492090
1.671105 -2.490429 -2.487957

1.671105 -2.490429 -2.487957
1.670856 -2.487934 -2.487934

1.581178 -2.600000 -2.600000
1.625531 -2.490798 -2.489593

1.625531 -2.490798 -2.489593
1.626042 -2.488323 -2.488323

1.714619 -2.492090 -2.492090
1.671283 -2.493067 -2.490436

1.671283 -2.493067 -2.490436
1.671105 -2.490429 -2.490429

1.581178 -2.600000 -2.600000
1.625114 -2.493384 -2.491825

1.625114 -2.493384 -2.491825
1.625531 -2.490798 -2.490798

1.671283 -2.493067 -2.493067
1.714619 -2.600000 -2.492090

1.714619 -2.600000 -2.492090
1.714619 -2.492090 -2.492090

1.714619 -2.600000 -2.600000
1.671389 -2.495847 -2.493330

1.671389 -2.495847 -2.493330
1.671283 -2.493067 -2.493067

1.581178 -2.600000 -2.600000
1.624789 -2.496083 -2.494172

1.624789 -2.496083 -2.494172
1.625114 -2.493384 -2.493384

1.714619 -2.600000 -2.600000
1.671425 -2.498769 -2.495932

1.671425 -2.498769 -2.495932
1.671389 -2.495847 -2.495847

1.581178 -2.600000 -2.600000
1.624557 -2.498895 -2.496636

1.624557 -2.498895 -2.496636
1.624789 -2.496083 -2.496083

1.714619 -2.600000 -2.600000
1.671425 -2.600000 -2.498769

1.671425 -2.600000 -2.498769
1.671425 -2.498769 -2.498769

1.581178 -2.600000 -2.600000
1.624418 -2.501819 -2.499219

1.624418 -2.501819 -2.499219
1.624557 -2.498895 -2.498895

1.581178 -2.600000 -2.600000
1.624372 -2.504855 -2.501924

1.624372 -2.504855 -2.501924
1.624418 -2.501819 -2.501819

1.581178 -2.600000 -2.600000
1.624372 -2.600000 -2.504855

1.624372 -2.600000 -2.504855
1.624372 -2.504855 -2.504855

1.207277 -2.455872 -2.455872
1.232213 -2.430935 -2.463932

1.232213 -2.430935 -2.463932
1.280751 -2.479621 -2.479621

1.280751 -2.479621 -2.479621
1.329733 -2.430935 -2.463884

1.329733 -2.430935 -2.463884
1.354670 -2.455872 -2.455872

1.280751 -2.479621 -2.479621
1.256259 -2.504558 -2.471705

1.256259 -2.504558 -2.471705
1.207277 -2.455872 -2.455872

1.280751 -2.479621 -2.479621
1.305687 -2.504558 -2.471610

1.305687 -2.504558 -2.471610
1.354670 -2.455872 -2.455872

1.256259 -2.504558 -2.504558
1.280751 -2.479621 -2.504558

1.280751 -2.479621 -2.504558
1.305687 -2.504558 -2.504558

1.207277 -2.553541 -2.553541
1.256259 -2.504558 -2.529160

1.256259 -2.504558 -2.529160
1.305687 -2.504558 -2.504558

1.207277 -2.553541 -2.553541
1.280751 -2.529495 -2.516970

1.280751 -2.529495 -2.516970
1.305687 -2.504558 -2.504558

1.280751 -2.529495 -2.529495
1.305687 -2.504558 -2.537607

1.305687 -2.504558 -2.537607
1.354670 -2.553541 -2.553541

1.207277 -2.553541 -2.553541
1.232213 -2.578181 -2.545380

1.232213 -2.578181 -2.545380
1.280751 -2.529495 -2.529495

1.354670 -2.553541 -2.553541
1.329733 -2.578181 -2.545429

1.329733 -2.578181 -2.545429
1.280751 -2.529495 -2.529495

0.891412 -2.415202 -2.415202
0.847625 -2.600000 -2.378390

0.847625 -2.600000 -2.378390
0.847625 -2.378390 -2.378390

0.907740 -2.378390 -2.378390
0.891412 -2.415202 -2.378390

0.891412 -2.415202 -2.378390
0.847625 -2.378390 -2.378390

0.891412 -2.415202 -2.415202
0.907740 -2.378390 -2.390018

0.907740 -2.378390 -2.390018
0.915205 -2.378504 -2.378504

0.891412 -2.415202 -2.415202
0.915205 -2.378504 -2.387207

0.915205 -2.378504 -2.387207
0.922313 -2.378844 -2.378844

0.891412 -2.415202 -2.415202
0.922313 -2.378844 -2.385827

0.922313 -2.378844 -2.385827
0.929063 -2.379411 -2.379411

0.891412 -2.415202 -2.415202
0.929063 -2.379411 -2.385284

0.929063 -2.379411 -2.385284
0.935456 -2.380204 -2.380204

0.891412 -2.415202 -2.415202
0.935456 -2.380204 -2.385319

0.935456 -2.380204 -2.385319
0.941490 -2.381225 -2.381225

0.891412 -2.415202 -2.415202
0.941490 -2.381225 -2.385805

0.941490 -2.381225 -2.385805
0.947167 -2.382472 -2.382472

0.891412 -2.415202 -2.415202
0.947167 -2.382472 -2.386668

0.947167 -2.382472 -2.386668
0.952487 -2.383946 -2.383946

0.891412 -2.415202 -2.415202
0.952487 -2.383946 -2.387868

0.952487 -2.383946 -2.387868
0.957448 -2.385647 -2.385647

0.891412 -2.415202 -2.415202
0.957448 -2.385647 -2.389375

0.957448 -2.385647 -2.389375
0.962052 -2.387575 -2.387575

0.891412 -2.415202 -2.415202
0.962052 -2.387575 -2.391173

0.962052 -2.387575 -2.391173
0.966299 -2.389729 -2.389729

0.891412 -2.415202 -2.415202
0.966299 -2.389729 -2.393250

0.966299 -2.389729 -2.393250
0.970187 -2.392110 -2.392110

0.891412 -2.415202 -2.415202
0.970187 -2.392110 -2.395597

0.970187 -2.392110 -2.395597
0.973718 -2.394718 -2.394718

0.891412 -2.415202 -2.415202
0.973718 -2.394718 -2.398242

0.973718 -2.394718 -2.398242
0.976931 -2.397580 -2.397580

0.891412 -2.415202 -2.415202
0.976931 -2.397580 -2.401205

0.976931 -2.397580 -2.401205
0.979864 -2.400725 -2.400725

0.891412 -2.415202 -2.415202
0.979864 -2.400725 -2.404474

0.979864 -2.400725 -2.404474
0.982517 -2.404153 -2.404153

0.891412 -2.415202 -2.415202
0.982517 -2.404153 -2.408049

0.982517 -2.404153 -2.408049
0.984892 -2.407862 -2.407862

0.891412 -2.415202 -2.415202
0.984892 -2.407862 -2.411928

0.984892 -2.407862 -2.411928
0.986987 -2.411855 -2.411855

0.891412 -2.415202 -2.415202
0.909373 -2.415202 -2.414573

0.909373 -2.415202 -2.414573
0.986987 -2.411855 -2.411855

0.909373 -2.415202 -2.415202
0.986987 -2.411855 -2.416108

0.986987 -2.411855 -2.416108
0.988803 -2.416129 -2.416129

0.847625 -2.600000 -2.600000
0.891412 -2.480215 -2.415202

0.891412 -2.480215 -2.415202
0.891412 -2.415202 -2.415202

0.988803 -2.416129 -2.416129
0.912871 -2.415252 -2.415243

0.912871 -2.415252 -2.415243
0.909373 -2.415202 -2.415202

0.988803 -2.416129 -2.416129
0.916190 -2.415404 -2.415291

0.916190 -2.415404 -2.415291
0.912871 -2.415252 -2.415252

0.988803 -2.416129 -2.416129
0.919332 -2.415656 -2.415435

0.919332 -2.415656 -2.415435
0.916190 -2.415404 -2.415404

0.988803 -2.416129 -2.416129
0.922295 -2.416010 -2.415676

0.922295 -2.416010 -2.415676
0.919332 -2.415656 -2.415656

0.988803 -2.416129 -2.416129
0.925079 -2.416464 -2.416015

0.925079 -2.416464 -2.416015
0.922295 -2.416010 -2.416010

0.925079 -2.416464 -2.416464
0.988803 -2.416129 -2.420587

0.988803 -2.416129 -2.420587
0.990339 -2.420686 -2.420686

0.990339 -2.420686 -2.420686
0.927686 -2.417020 -2.416633

0.927686 -2.417020 -2.416633
0.925079 -2.416464 -2.416464

0.990339 -2.420686 -2.420686
0.930114 -2.417676 -2.417162

0.930114 -2.417676 -2.417162
0.927686 -2.417020 -2.417020

0.990339 -2.420686 -2.420686
0.932363 -2.418434 -2.417789

0.932363 -2.418434 -2.417789
0.930114 -2.417676 -2.417676

0.990339 -2.420686 -2.420686
0.934435 -2.419293 -2.418515

0.934435 -2.419293 -2.418515
0.932363 -2.418434 -2.418434

0.990339 -2.420686 -2.420686
0.936328 -2.420252 -2.419340

0.936328 -2.420252 -2.419340
0.934435 -2.419293 -2.419293

0.990339 -2.420686 -2.420686
0.938042 -2.421313 -2.420266

0.938042 -2.421313 -2.420266
0.936328 -2.420252 -2.420252

0.938042 -2.421313 -2.421313
0.990339 -2.420686 -2.425427

0.990339 -2.420686 -2.425427
0.991596 -2.425526 -2.425526

0.991596 -2.425526 -2.425526
0.939579 -2.422475 -2.421434

0.939579 -2.422475 -2.421434
0.938042 -2.421313 -2.421313

0.991596 -2.425526 -2.425526
0.940966 -2.423761 -2.422556

0.940966 -2.423761 -2.422556
0.939579 -2.422475 -2.422475

0.991596 -2.425526 -2.425526
0.942232 -2.425196 -2.423805

0.942232 -2.425196 -2.423805
0.940966 -2.423761 -2.423761

0.991596 -2.425526 -2.425526
0.943378 -2.426779 -2.425204

0.943378 -2.426779 -2.425204
0.942232 -2.425196 -2.425196

0.943378 -2.426779 -2.426779
0.991596 -2.425526 -2.430571

0.991596 -2.425526 -2.430571
0.992574 -2.430648 -2.430648

0.992574 -2.430648 -2.430648
0.944403 -2.428511 -2.426860

0.944403 -2.428511 -2.426860
0.943378 -2.426779 -2.426779

0.992574 -2.430648 -2.430648
0.945307 -2.430391 -2.428551

0.945307 -2.430391 -2.428551
0.944403 -2.428511 -2.428511

0.992574 -2.430648 -2.430648
0.946091 -2.432420 -2.430396

0.946091 -2.432420 -2.430396
0.945307 -2.430391 -2.430391

0.946091 -2.432420 -2.432420
0.992574 -2.430648 -2.435999

0.992574 -2.430648 -2.435999
0.993272 -2.436052 -2.436052

0.993272 -2.436052 -2.436052
0.946755 -2.434597 -2.432471

0.946755 -2.434597 -2.432471
0.946091 -2.432420 -2.432420

0.993272 -2.436052 -2.436052
0.947297 -2.436922 -2.434614

0.947297 -2.436922 -2.434614
0.946755 -2.434597 -2.434597

0.947297 -2.436922 -2.436922
0.993272 -2.436052 -2.441696

0.993272 -2.436052 -2.441696
0.993691 -2.441739 -2.441739

0.993691 -2.441739 -2.441739
0.947719 -2.439396 -2.436966

0.947719 -2.439396 -2.436966
0.947297 -2.436922 -2.436922

0.993691 -2.441739 -2.441739
0.948021 -2.442019 -2.439412

0.948021 -2.442019 -2.439412
0.947719 -2.439396 -2.439396

0.948021 -2.442019 -2.442019
0.993691 -2.441739 -2.447691

0.993691 -2.441739 -2.447691
0.993831 -2.447708 -2.447708

0.993831 -2.447708 -2.447708
0.948202 -2.444789 -2.442041

0.948202 -2.444789 -2.442041
0.948021 -2.442019 -2.442019

0.993831 -2.447708 -2.447708
0.948262 -2.447708 -2.444793

0.948262 -2.447708 -2.444793
0.948202 -2.444789 -2.444789

0.948202 -2.450628 -2.450628
0.948262 -2.447708 -2.450624

0.948262 -2.447708 -2.450624
0.993831 -2.447708 -2.447708

0.948202 -2.450628 -2.450628
0.993691 -2.453678 -2.447717

0.993691 -2.453678 -2.447717
0.993831 -2.447708 -2.447708

0.948021 -2.453398 -2.453398
0.948202 -2.450628 -2.453399

0.948202 -2.450628 -2.453399
0.993691 -2.453678 -2.453678

0.947719 -2.456021 -2.456021
0.948021 -2.453398 -2.456005

0.948021 -2.453398 -2.456005
0.993691 -2.453678 -2.453678

0.947719 -2.456021 -2.456021
0.993272 -2.459364 -2.453699

0.993272 -2.459364 -2.453699
0.993691 -2.453678 -2.453678

0.947297 -2.458494 -2.458494
0.947719 -2.456021 -2.458502

0.947719 -2.456021 -2.458502
0.993272 -2.459364 -2.459364

0.946755 -2.460820 -2.460820
0.947297 -2.458494 -2.460803

0.947297 -2.458494 -2.460803
0.993272 -2.459364 -2.459364

0.946755 -2.460820 -2.460820
0.992574 -2.464769 -2.459386

0.992574 -2.464769 -2.459386
0.993272 -2.459364 -2.459364

0.946091 -2.462997 -2.462997
0.946755 -2.460820 -2.463022

0.946755 -2.460820 -2.463022
0.992574 -2.464769 -2.464769

0.945307 -2.465025 -2.465025
0.946091 -2.462997 -2.465021

0.946091 -2.462997 -2.465021
0.992574 -2.464769 -2.464769

0.945307 -2.465025 -2.465025
0.991596 -2.469891 -2.464774

0.991596 -2.469891 -2.464774
0.992574 -2.464769 -2.464769

0.944403 -2.466906 -2.466906
0.945307 -2.465025 -2.466963

0.945307 -2.465025 -2.466963
0.991596 -2.469891 -2.469891

0.943378 -2.468637 -2.468637
0.944403 -2.466906 -2.468664

0.944403 -2.466906 -2.468664
0.991596 -2.469891 -2.469891

0.942232 -2.470221 -2.470221
0.943378 -2.468637 -2.470213

0.943378 -2.468637 -2.470213
0.991596 -2.469891 -2.469891

0.942232 -2.470221 -2.470221
0.990339 -2.474730 -2.469899

0.990339 -2.474730 -2.469899
0.991596 -2.469891 -2.469891

0.940966 -2.471655 -2.471655
0.942232 -2.470221 -2.471734

0.942232 -2.470221 -2.471734
0.990339 -2.474730 -2.474730

0.939579 -2.472942 -2.472942
0.940966 -2.471655 -2.472991

0.940966 -2.471655 -2.472991
0.990339 -2.474730 -2.474730

0.938042 -2.474103 -2.474103
0.939579 -2.472942 -2.474122

0.939579 -2.472942 -2.474122
0.990339 -2.474730 -2.474730

0.936328 -2.475164 -2.475164
0.938042 -2.474103 -2.475150

0.938042 -2.474103 -2.475150
0.990339 -2.474730 -2.474730

0.936328 -2.475164 -2.475164
0.988803 -2.479287 -2.474743

0.988803 -2.479287 -2.474743
0.990339 -2.474730 -2.474730

0.934435 -2.476124 -2.476124
0.936328 -2.475164 -2.476234

0.936328 -2.475164 -2.476234
0.988803 -2.479287 -2.479287

0.932363 -2.476983 -2.476983
0.934435 -2.476124 -2.477067

0.934435 -2.476124 -2.477067
0.988803 -2.479287 -2.479287

0.930114 -2.477740 -2.477740
0.932363 -2.476983 -2.477799

0.932363 -2.476983 -2.477799
0.988803 -2.479287 -2.479287

0.927686 -2.478397 -2.478397
0.930114 -2.477740 -2.478432

0.930114 -2.477740 -2.478432
0.988803 -2.479287 -2.479287

0.925079 -2.478952 -2.478952
0.927686 -2.478397 -2.478966

0.927686 -2.478397 -2.478966
0.988803 -2.479287 -2.479287

0.922295 -2.479407 -2.479407
0.925079 -2.478952 -2.479402

0.925079 -2.478952 -2.479402
0.988803 -2.479287 -2.479287

0.922295 -2.479407 -2.479407
0.986987 -2.483562 -2.479291

0.986987 -2.483562 -2.479291
0.988803 -2.479287 -2.479287

0.919332 -2.479760 -2.479760
0.922295 -2.479407 -2.479927

0.922295 -2.479407 -2.479927
0.986987 -2.483562 -2.483562

0.916190 -2.480013 -2.480013
0.919332 -2.479760 -2.480171

0.919332 -2.479760 -2.480171
0.986987 -2.483562 -2.483562

0.912871 -2.480165 -2.480165
0.916190 -2.480013 -2.480317

0.916190 -2.480013 -2.480317
0.986987 -2.483562 -2.483562

0.909373 -2.480215 -2.480215
0.912871 -2.480165 -2.480366

0.912871 -2.480165 -2.480366
0.986987 -2.483562 -2.483562

0.847625 -2.600000 -2.600000
0.891412 -2.480215 -2.515056

0.891412 -2.480215 -2.515056
0.909373 -2.480215 -2.480215

0.847625 -2.600000 -2.600000
0.891412 -2.517026 -2.515056

0.891412 -2.517026 -2.515056
0.909373 -2.480215 -2.480215

0.891412 -2.517026 -2.517026
0.909373 -2.480215 -2.516941

0.909373 -2.480215 -2.516941
0.915205 -2.516913 -2.516913

0.922313 -2.516573 -2.516573
0.915205 -2.516913 -2.496603

0.915205 -2.516913 -2.496603
0.909373 -2.480215 -2.480215

0.929063 -2.516006 -2.516006
0.922313 -2.516573 -2.503736

0.922313 -2.516573 -2.503736
0.909373 -2.480215 -2.480215

0.935456 -2.515212 -2.515212
0.929063 -2.516006 -2.506635

0.929063 -2.516006 -2.506635
0.909373 -2.480215 -2.480215

0.941490 -2.514192 -2.514192
0.935456 -2.515212 -2.507808

0.935456 -2.515212 -2.507808
0.909373 -2.480215 -2.480215

0.947167 -2.512944 -2.512944
0.941490 -2.514192 -2.508028

0.941490 -2.514192 -2.508028
0.909373 -2.480215 -2.480215

0.952487 -2.511470 -2.511470
0.947167 -2.512944 -2.507614

0.947167 -2.512944 -2.507614
0.909373 -2.480215 -2.480215

0.986987 -2.483562 -2.483562
0.952487 -2.511470 -2.482074

0.952487 -2.511470 -2.482074
0.909373 -2.480215 -2.480215

0.952487 -2.511470 -2.511470
0.984892 -2.487554 -2.485257

0.984892 -2.487554 -2.485257
0.986987 -2.483562 -2.483562

0.952487 -2.511470 -2.511470
0.982517 -2.491264 -2.489307

0.982517 -2.491264 -2.489307
0.984892 -2.487554 -2.487554

0.952487 -2.511470 -2.511470
0.979864 -2.494691 -2.493050

0.979864 -2.494691 -2.493050
0.982517 -2.491264 -2.491264

0.952487 -2.511470 -2.511470
0.976931 -2.497836 -2.496489

0.976931 -2.497836 -2.496489
0.979864 -2.494691 -2.494691

0.952487 -2.511470 -2.511470
0.973718 -2.500699 -2.499628

0.973718 -2.500699 -2.499628
0.976931 -2.497836 -2.497836

0.952487 -2.511470 -2.511470
0.970187 -2.503307 -2.502490

0.970187 -2.503307 -2.502490
0.973718 -2.500699 -2.500699

0.952487 -2.511470 -2.511470
0.966299 -2.505688 -2.505100

0.966299 -2.505688 -2.505100
0.970187 -2.503307 -2.503307

0.952487 -2.511470 -2.511470
0.962052 -2.507842 -2.507465

0.962052 -2.507842 -2.507465
0.966299 -2.505688 -2.505688

0.952487 -2.511470 -2.511470
0.957448 -2.509770 -2.509588

0.957448 -2.509770 -2.509588
0.962052 -2.507842 -2.507842

0.891412 -2.517026 -2.517026
0.907740 -2.517026 -2.516949

0.907740 -2.517026 -2.516949
0.915205 -2.516913 -2.516913

0.847625 -2.600000 -2.600000
0.891412 -2.600000 -2.517026

0.891412 -2.600000 -2.517026
0.891412 -2.517026 -2.517026

0.705278 -2.600000 -2.600000
0.696521 -2.433756 -2.572448

0.696521 -2.433756 -2.572448
0.652436 -2.433756 -2.433756

0.731996 -2.563486 -2.563486
0.705278 -2.600000 -2.465781

0.705278 -2.600000 -2.465781
0.696521 -2.433756 -2.433756

0.731996 -2.563486 -2.563486
0.767620 -2.433756 -2.505506

0.767620 -2.433756 -2.505506
0.811704 -2.433756 -2.433756

0.731996 -2.563486 -2.563486
0.758862 -2.600000 -2.519759

0.758862 -2.600000 -2.519759
0.811704 -2.433756 -2.433756

0.705278 -2.600000 -2.600000
0.731996 -2.563486 -2.600000

0.731996 -2.563486 -2.600000
0.758862 -2.600000 -2.600000

0.383625 -2.423069 -2.423069
0.348446 -2.486895 -2.423069

0.348446 -2.486895 -2.423069
0.348446 -2.423069 -2.423069

0.348446 -2.486895 -2.486895
0.383625 -2.486895 -2.423069

0.383625 -2.486895 -2.423069
0.383625 -2.423069 -2.423069

0.348446 -2.486895 -2.486895
0.284323 -2.522222 -2.486895

0.284323 -2.522222 -2.486895
0.284323 -2.486895 -2.486895

0.284323 -2.522222 -2.522222
0.348446 -2.486895 -2.499410

0.348446 -2.486895 -2.499410
0.383625 -2.486895 -2.486895

0.284323 -2.522222 -2.522222
0.383625 -2.486895 -2.500717

0.383625 -2.486895 -2.500717
0.447451 -2.486895 -2.486895

0.284323 -2.522222 -2.522222
0.447451 -2.522222 -2.486895

0.447451 -2.522222 -2.486895
0.447451 -2.486895 -2.486895

0.447451 -2.522222 -2.522222
0.348446 -2.522222 -2.522222

0.348446 -2.522222 -2.522222
0.284323 -2.522222 -2.522222

0.383625 -2.522222 -2.522222
0.348446 -2.586344 -2.522222

0.348446 -2.586344 -2.522222
0.348446 -2.522222 -2.522222

0.447451 -2.522222 -2.522222
0.383625 -2.522222 -2.522222

0.383625 -2.522222 -2.522222
0.348446 -2.522222 -2.522222

0.348446 -2.586344 -2.586344
0.383625 -2.586344 -2.522222

0.383625 -2.586344 -2.522222
0.383625 -2.522222 -2.522222

-0.060189 -2.389374 -2.389374
-0.014323 -2.378390 -2.383660

-0.014323 -2.378390 -2.383660
0.027980 -2.378390 -2.378390

-0.060189 -2.389374 -2.389374
-0.014620 -2.417577 -2.383697

-0.014620 -2.417577 -2.383697
0.027980 -2.378390 -2.378390

-0.014620 -2.417577 -2.417577
0.027980 -2.561408 -2.378390

0.027980 -2.561408 -2.378390
0.027980 -2.378390 -2.378390

-0.014620 -2.417577 -2.417577
-0.060189 -2.428857 -2.389374

-0.060189 -2.428857 -2.389374
-0.060189 -2.389374 -2.389374

0.027980 -2.561408 -2.561408
-0.014620 -2.561408 -2.417577

-0.014620 -2.561408 -2.417577
-0.014620 -2.417577 -2.417577

-0.014620 -2.561408 -2.561408
-0.063603 -2.600000 -2.561408

-0.063603 -2.600000 -2.561408
-0.063603 -2.561408 -2.561408

-0.063603 -2.600000 -2.600000
-0.014620 -2.561408 -2.579359

-0.014620 -2.561408 -2.579359
0.027980 -2.561408 -2.561408

-0.063603 -2.600000 -2.600000
0.027980 -2.561408 -2.574856

0.027980 -2.561408 -2.574856
0.076963 -2.561408 -2.561408

-0.063603 -2.600000 -2.600000
0.076963 -2.600000 -2.561408

0.076963 -2.600000 -2.561408
0.076963 -2.561408 -2.561408

-0.197341 -2.378390 -2.378390
-0.241128 -2.600000 -2.378390

-0.241128 -2.600000 -2.378390
-0.241128 -2.378390 -2.378390

-0.241128 -2.600000 -2.600000
-0.197341 -2.561408 -2.378390

-0.197341 -2.561408 -2.378390
-0.197341 -2.378390 -2.378390

-0.241128 -2.600000 -2.600000
-0.197341 -2.561408 -2.587706

-0.197341 -2.561408 -2.587706
-0.103680 -2.561408 -2.561408

-0.241128 -2.600000 -2.600000
-0.103680 -2.600000 -2.561408

-0.103680 -2.600000 -2.561408
-0.103680 -2.561408 -2.561408

-0.392826 -2.600000 -2.600000
-0.401584 -2.433756 -2.572448

-0.401584 -2.433756 -2.572448
-0.445668 -2.433756 -2.433756

-0.366108 -2.563486 -2.563486
-0.392826 -2.600000 -2.465781

-0.392826 -2.600000 -2.465781
-0.401584 -2.433756 -2.433756

-0.366108 -2.563486 -2.563486
-0.330485 -2.433756 -2.505506

-0.330485 -2.433756 -2.505506
-0.286400 -2.433756 -2.433756

-0.366108 -2.563486 -2.563486
-0.339242 -2.600000 -2.519759

-0.339242 -2.600000 -2.519759
-0.286400 -2.433756 -2.433756

-0.392826 -2.600000 -2.600000
-0.366108 -2.563486 -2.600000

-0.366108 -2.563486 -2.600000
-0.339242 -2.600000 -2.600000

-0.805914 -2.455872 -2.455872
-0.780978 -2.430935 -2.463932

-0.780978 -2.430935 -2.463932
-0.732440 -2.479621 -2.479621

-0.732440 -2.479621 -2.479621
-0.683457 -2.430935 -2.463884

-0.683457 -2.430935 -2.463884
-0.658521 -2.455872 -2.455872

-0.732440 -2.479621 -2.479621
-0.756931 -2.504558 -2.471705

-0.756931 -2.504558 -2.471705
-0.805914 -2.455872 -2.455872

-0.732440 -2.479621 -2.479621
-0.707503 -2.504558 -2.471610

-0.707503 -2.504558 -2.471610
-0.658521 -2.455872 -2.455872

-0.756931 -2.504558 -2.504558
-0.732440 -2.479621 -2.504558

-0.732440 -2.479621 -2.504558
-0.707503 -2.504558 -2.504558

-0.805914 -2.553541 -2.553541
-0.756931 -2.504558 -2.529160

-0.756931 -2.504558 -2.529160
-0.707503 -2.504558 -2.504558

-0.805914 -2.553541 -2.553541
-0.732440 -2.529495 -2.516970

-0.732440 -2.529495 -2.516970
-0.707503 -2.504558 -2.504558

-0.732440 -2.529495 -2.529495
-0.707503 -2.504558 -2.537607

-0.707503 -2.504558 -2.537607
-0.658521 -2.553541 -2.553541

-0.805914 -2.553541 -2.553541
-0.780978 -2.578181 -2.545380

-0.780978 -2.578181 -2.545380
-0.732440 -2.529495 -2.529495

-0.658521 -2.553541 -2.553541
-0.683457 -2.578181 -2.545429

-0.683457 -2.578181 -2.545429
-0.732440 -2.529495 -2.529495

-1.121779 -2.415202 -2.415202
-1.165566 -2.600000 -2.378390

-1.165566 -2.600000 -2.378390
-1.165566 -2.378390 -2.378390

-1.105451 -2.378390 -2.378390
-1.121779 -2.415202 -2.378390

-1.121779 -2.415202 -2.378390
-1.165566 -2.378390 -2.378390

-1.121779 -2.415202 -2.415202
-1.105451 -2.378390 -2.390018

-1.105451 -2.378390 -2.390018
-1.097986 -2.378504 -2.378504

-1.121779 -2.415202 -2.415202
-1.097986 -2.378504 -2.387207

-1.097986 -2.378504 -2.387207
-1.090878 -2.378844 -2.378844

-1.121779 -2.415202 -2.415202
-1.090878 -2.378844 -2.385827

-1.090878 -2.378844 -2.385827
-1.084128 -2.379411 -2.379411

-1.121779 -2.415202 -2.415202
-1.084128 -2.379411 -2.385284

-1.084128 -2.379411 -2.385284
-1.077735 -2.380204 -2.380204

-1.121779 -2.415202 -2.415202
-1.077735 -2.380204 -2.385319

-1.077735 -2.380204 -2.385319
-1.071701 -2.381225 -2.381225

-1.121779 -2.415202 -2.415202
-1.071701 -2.381225 -2.385805

-1.071701 -2.381225 -2.385805
-1.066024 -2.382472 -2.382472

-1.121779 -2.415202 -2.415202
-1.066024 -2.382472 -2.386668

-1.066024 -2.382472 -2.386668
-1.060704 -2.383946 -2.383946

-1.121779 -2.415202 -2.415202
-1.060704 -2.383946 -2.387868

-1.060704 -2.383946 -2.387868
-1.055743 -2.385647 -2.385647

-1.121779 -2.415202 -2.415202
-1.055743 -2.385647 -2.389375

-1.055743 -2.385647 -2.389375
-1.051139 -2.387575 -2.387575

-1.121779 -2.415202 -2.415202
-1.051139 -2.387575 -2.391173

-1.051139 -2.387575 -2.391173
-1.046893 -2.389729 -2.389729

-1.121779 -2.415202 -2.415202
-1.046893 -2.389729 -2.393250

-1.046893 -2.389729 -2.393250
-1.043004 -2.392110 -2.392110

-1.121779 -2.415202 -2.415202
-1.043004 -2.392110 -2.395597

-1.043004 -2.392110 -2.395597
-1.039473 -2.394718 -2.394718

-1.121779 -2.415202 -2.415202
-1.039473 -2.394718 -2.398242

-1.039473 -2.394718 -2.398242
-1.036260 -2.397580 -2.397580

-1.121779 -2.415202 -2.415202
-1.036260 -2.397580 -2.401205

-1.036260 -2.397580 -2.401205
-1.033327 -2.400725 -2.400725

-1.121779 -2.415202 -2.415202
-1.033327 -2.400725 -2.404474

-1.033327 -2.400725 -2.404474
-1.030674 -2.404153 -2.404153

-1.121779 -2.415202 -2.415202
-1.030674 -2.404153 -2.408049

-1.030674 -2.404153 -2.408049
-1.028299 -2.407862 -2.407862

-1.121779 -2.415202 -2.415202
-1.028299 -2.407862 -2.411928

-1.028299 -2.407862 -2.411928
-1.026204 -2.411855 -2.411855

-1.121779 -2.415202 -2.415202
-1.103818 -2.415202 -2.414573

-1.103818 -2.415202 -2.414573
-1.026204 -2.411855 -2.411855

-1.103818 -2.415202 -2.415202
-1.026204 -2.411855 -2.416108

-1.026204 -2.411855 -2.416108
-1.024388 -2.416129 -2.416129

-1.165566 -2.600000 -2.600000
-1.121779 -2.480215 -2.415202

-1.121779 -2.480215 -2.415202
-1.121779 -2.415202 -2.415202

-1.024388 -2.416129 -2.416129
-1.100320 -2.415252 -2.415243

-1.100320 -2.415252 -2.415243
-1.103818 -2.415202 -2.415202

-1.024388 -2.416129 -2.416129
-1.097001 -2.415404 -2.415291

-1.097001 -2.415404 -2.415291
-1.100320 -2.415252 -2.415252

-1.024388 -2.416129 -2.416129
-1.093859 -2.415656 -2.415435

-1.093859 -2.415656 -2.415435
-1.097001 -2.415404 -2.415404

-1.024388 -2.416129 -2.416129
-1.090896 -2.416010 -2.415676

-1.090896 -2.416010 -2.415676
-1.093859 -2.415656 -2.415656

-1.024388 -2.416129 -2.416129
-1.088112 -2.416464 -2.416015

-1.088112 -2.416464 -2.416015
-1.090896 -2.416010 -2.416010

-1.088112 -2.416464 -2.416464
-1.024388 -2.416129 -2.420587

-1.024388 -2.416129 -2.420587
-1.022852 -2.420686 -2.420686

-1.022852 -2.420686 -2.420686
-1.085506 -2.417020 -2.416633

-1.085506 -2.417020 -2.416633
-1.088112 -2.416464 -2.416464

-1.022852 -2.420686 -2.420686
-1.083078 -2.417676 -2.417162

-1.083078 -2.417676 -2.417162
-1.085506 -2.417020 -2.417020

-1.022852 -2.420686 -2.420686
-1.080828 -2.418434 -2.417789

-1.080828 -2.418434 -2.417789
-1.083078 -2.417676 -2.417676

-1.022852 -2.420686 -2.420686
-1.078756 -2.419293 -2.418515

-1.078756 -2.419293 -2.418515
-1.080828 -2.418434 -2.418434

-1.022852 -2.420686 -2.420686
-1.076863 -2.420252 -2.419340

-1.076863 -2.420252 -2.419340
-1.078756 -2.419293 -2.419293

-1.022852 -2.420686 -2.420686
-1.075149 -2.421313 -2.420266

-1.075149 -2.421313 -2.420266
-1.076863 -2.420252 -2.420252

-1.075149 -2.421313 -2.421313
-1.022852 -2.420686 -2.425427

-1.022852 -2.420686 -2.425427
-1.021595 -2.425526 -2.425526

-1.021595 -2.425526 -2.425526
-1.073612 -2.422475 -2.421434

-1.073612 -2.422475 -2.421434
-1.075149 -2.421313 -2.421313

-1.021595 -2.425526 -2.425526
-1.072226 -2.423761 -2.422556

-1.072226 -2.423761 -2.422556
-1.073612 -2.422475 -2.422475

-1.021595 -2.425526 -2.425526
-1.070959 -2.425196 -2.423805

-1.070959 -2.425196 -2.423805
-1.072226 -2.423761 -2.423761

-1.021595 -2.425526 -2.425526
-1.069813 -2.426779 -2.425204

-1.069813 -2.426779 -2.425204
-1.070959 -2.425196 -2.425196

-1.069813 -2.426779 -2.426779
-1.021595 -2.425526 -2.430571

-1.021595 -2.425526 -2.430571
-1.020617 -2.430648 -2.430648

-1.020617 -2.430648 -2.430648
-1.068788 -2.428511 -2.426860

-1.068788 -2.428511 -2.426860
-1.069813 -2.426779 -2.426779

-1.020617 -2.430648 -2.430648
-1.067884 -2.430391 -2.428551

-1.067884 -2.430391 -2.428551
-1.068788 -2.428511 -2.428511

-1.020617 -2.430648 -2.430648
-1.067100 -2.432420 -2.430396

-1.067100 -2.432420 -2.430396
-1.067884 -2.430391 -2.430391

-1.067100 -2.432420 -2.432420
-1.020617 -2.430648 -2.435999

-1.020617 -2.430648 -2.435999
-1.019919 -2.436052 -2.436052

-1.019919 -2.436052 -2.436052
-1.066437 -2.434597 -2.432471

-1.066437 -2.434597 -2.432471
-1.067100 -2.432420 -2.432420

-1.019919 -2.436052 -2.436052
-1.065894 -2.436922 -2.434614

-1.065894 -2.436922 -2.434614
-1.066437 -2.434597 -2.434597

-1.065894 -2.436922 -2.436922
-1.019919 -2.436052 -2.441696

-1.019919 -2.436052 -2.441696
-1.019500 -2.441739 -2.441739

-1.019500 -2.441739 -2.441739
-1.065472 -2.439396 -2.436966

-1.065472 -2.439396 -2.436966
-1.065894 -2.436922 -2.436922

-1.019500 -2.441739 -2.441739
-1.065170 -2.442019 -2.439412

-1.065170 -2.442019 -2.439412
-1.065472 -2.439396 -2.439396

-1.065170 -2.442019 -2.442019
-1.019500 -2.441739 -2.447691

-1.019500 -2.441739 -2.447691
-1.019360 -2.447708 -2.447708

-1.019360 -2.447708 -2.447708
-1.064989 -2.444789 -2.442041

-1.064989 -2.444789 -2.442041
-1.065170 -2.442019 -2.442019

-1.019360 -2.447708 -2.447708
-1.064929 -2.447708 -2.444793

-1.064929 -2.447708 -2.444793
-1.064989 -2.444789 -2.444789

-1.064989 -2.450628 -2.450628
-1.064929 -2.447708 -2.450624

-1.064929 -2.447708 -2.450624
-1.019360 -2.447708 -2.447708

-1.064989 -2.450628 -2.450628
-1.019500 -2.453678 -2.447717

-1.019500 -2.453678 -2.447717
-1.019360 -2.447708 -2.447708

-1.065170 -2.453398 -2.453398
-1.064989 -2.450628 -2.453399

-1.064989 -2.450628 -2.453399
-1.019500 -2.453678 -2.453678

-1.065472 -2.456021 -2.456021
-1.065170 -2.453398 -2.456005

-1.065170 -2.453398 -2.456005
-1.019500 -2.453678 -2.453678

-1.065472 -2.456021 -2.456021
-1.019919 -2.459364 -2.453699

-1.019919 -2.459364 -2.453699
-1.019500 -2.453678 -2.453678

-1.065894 -2.458494 -2.458494
-1.065472 -2.456021 -2.458502

-1.065472 -2.456021 -2.458502
-1.019919 -2.459364 -2.459364

-1.066437 -2.460820 -2.460820
-1.065894 -2.458494 -2.460803

-1.065894 -2.458494 -2.460803
-1.019919 -2.459364 -2.459364

-1.066437 -2.460820 -2.460820
-1.020617 -2.464769 -2.459386

-1.020617 -2.464769 -2.459386
-1.019919 -2.459364 -2.459364

-1.067100 -2.462997 -2.462997
-1.066437 -2.460820 -2.463022

-1.066437 -2.460820 -2.463022
-1.020617 -2.464769 -2.464769

-1.067884 -2.465025 -2.465025
-1.067100 -2.462997 -2.465021

-1.067100 -2.462997 -2.465021
-1.020617 -2.464769 -2.464769

-1.067884 -2.465025 -2.465025
-1.021595 -2.469891 -2.464774

-1.021595 -2.469891 -2.464774
-1.020617 -2.464769 -2.464769

-1.068788 -2.466906 -2.466906
-1.067884 -2.465025 -2.466963

-1.067884 -2.465025 -2.466963
-1.021595 -2.469891 -2.469891

-1.069813 -2.468637 -2.468637
-1.068788 -2.466906 -2.468664

-1.068788 -2.466906 -2.468664
-1.021595 -2.469891 -2.469891

-1.070959 -2.470221 -2.470221
-1.069813 -2.468637 -2.470213

-1.069813 -2.468637 -2.470213
-1.021595 -2.469891 -2.469891

-1.070959 -2.470221 -2.470221
-1.022852 -2.474730 -2.469899

-1.022852 -2.474730 -2.469899
-1.021595 -2.469891 -2.469891

-1.072226 -2.471655 -2.471655
-1.070959 -2.470221 -2.471734

-1.070959 -2.470221 -2.471734
-1.022852 -2.474730 -2.474730

-1.073612 -2.472942 -2.472942
-1.072226 -2.471655 -2.472991

-1.072226 -2.471655 -2.472991
-1.022852 -2.474730 -2.474730

-1.075149 -2.474103 -2.474103
-1.073612 -2.472942 -2.474122

-1.073612 -2.472942 -2.474122
-1.022852 -2.474730 -2.474730

-1.076863 -2.475164 -2.475164
-1.075149 -2.474103 -2.475150

-1.075149 -2.474103 -2.475150
-1.022852 -2.474730 -2.474730

-1.076863 -2.475164 -2.475164
-1.024388 -2.479287 -2.474743

-1.024388 -2.479287 -2.474743
-1.022852 -2.474730 -2.474730

-1.078756 -2.476124 -2.476124
-1.076863 -2.475164 -2.476234

-1.076863 -2.475164 -2.476234
-1.024388 -2.479287 -2.479287

-1.080828 -2.476983 -2.476983
-1.078756 -2.476124 -2.477067

-1.078756 -2.476124 -2.477067
-1.024388 -2.479287 -2.479287

-1.083078 -2.477740 -2.477740
-1.080828 -2.476983 -2.477799

-1.080828 -2.476983 -2.477799
-1.024388 -2.479287 -2.479287

-1.085506 -2.478397 -2.478397
-1.083078 -2.477740 -2.478432

-1.083078 -2.477740 -2.478432
-1.024388 -2.479287 -2.479287

-1.088112 -2.478952 -2.478952
-1.085506 -2.478397 -2.478966

-1.085506 -2.478397 -2.478966
-1.024388 -2.479287 -2.479287

-1.090896 -2.479407 -2.479407
-1.088112 -2.478952 -2.479402

-1.088112 -2.478952 -2.479402
-1.024388 -2.479287 -2.479287

-1.090896 -2.479407 -2.479407
-1.026204 -2.483562 -2.479291

-1.026204 -2.483562 -2.479291
-1.024388 -2.479287 -2.479287

-1.093859 -2.479760 -2.479760
-1.090896 -2.479407 -2.479927

-1.090896 -2.479407 -2.479927
-1.026204 -2.483562 -2.483562

-1.097001 -2.480013 -2.480013
-1.093859 -2.479760 -2.480171

-1.093859 -2.479760 -2.480171
-1.026204 -2.483562 -2.483562

-1.100320 -2.480165 -2.480165
-1.097001 -2.480013 -2.480317

-1.097001 -2.480013 -2.480317
-1.026204 -2.483562 -2.483562

-1.103818 -2.480215 -2.480215
-1.100320 -2.480165 -2.480366

-1.100320 -2.480165 -2.480366
-1.026204 -2.483562 -2.483562

-1.165566 -2.600000 -2.600000
-1.121779 -2.480215 -2.515056

-1.121779 -2.480215 -2.515056
-1.103818 -2.480215 -2.480215

-1.165566 -2.600000 -2.600000
-1.121779 -2.517026 -2.515056

-1.121779 -2.517026 -2.515056
-1.103818 -2.480215 -2.480215

-1.121779 -2.517026 -2.517026
-1.103818 -2.480215 -2.516941

-1.103818 -2.480215 -2.516941
-1.097986 -2.516913 -2.516913

-1.090878 -2.516573 -2.516573
-1.097986 -2.516913 -2.496603

-1.097986 -2.516913 -2.496603
-1.103818 -2.480215 -2.480215

-1.084128 -2.516006 -2.516006
-1.090878 -2.516573 -2.503736

-1.090878 -2.516573 -2.503736
-1.103818 -2.480215 -2.480215

-1.077735 -2.515212 -2.515212
-1.084128 -2.516006 -2.506635

-1.084128 -2.516006 -2.506635
-1.103818 -2.480215 -2.480215

-1.071701 -2.514192 -2.514192
-1.077735 -2.515212 -2.507808

-1.077735 -2.515212 -2.507808
-1.103818 -2.480215 -2.480215

-1.066024 -2.512944 -2.512944
-1.071701 -2.514192 -2.508028

-1.071701 -2.514192 -2.508028
-1.103818 -2.480215 -2.480215

-1.060704 -2.511470 -2.511470
-1.066024 -2.512944 -2.507614

-1.066024 -2.512944 -2.507614
-1.103818 -2.480215 -2.480215

-1.026204 -2.483562 -2.483562
-1.060704 -2.511470 -2.482074

-1.060704 -2.511470 -2.482074
-1.103818 -2.480215 -2.480215

-1.060704 -2.511470 -2.511470
-1.028299 -2.487554 -2.485257

-1.028299 -2.487554 -2.485257
-1.026204 -2.483562 -2.483562

-1.060704 -2.511470 -2.511470
-1.030674 -2.491264 -2.489307

-1.030674 -2.491264 -2.489307
-1.028299 -2.487554 -2.487554

-1.060704 -2.511470 -2.511470
-1.033327 -2.494691 -2.493050

-1.033327 -2.494691 -2.493050
-1.030674 -2.491264 -2.491264

-1.060704 -2.511470 -2.511470
-1.036260 -2.497836 -2.496489

-1.036260 -2.497836 -2.496489
-1.033327 -2.494691 -2.494691

-1.060704 -2.511470 -2.511470
-1.039473 -2.500699 -2.499628

-1.039473 -2.500699 -2.499628
-1.036260 -2.497836 -2.497836

-1.060704 -2.511470 -2.511470
-1.043004 -2.503307 -2.502490

-1.043004 -2.503307 -2.502490
-1.039473 -2.500699 -2.500699

-1.060704 -2.511470 -2.511470
-1.046893 -2.505688 -2.505100

-1.046893 -2.505688 -2.505100
-1.043004 -2.503307 -2.503307

-1.060704 -2.511470 -2.511470
-1.051139 -2.507842 -2.507465

-1.051139 -2.507842 -2.507465
-1.046893 -2.505688 -2.505688

-1.060704 -2.511470 -2.511470
-1.055743 -2.509770 -2.509588

-1.055743 -2.509770 -2.509588
-1.051139 -2.507842 -2.507842

-1.121779 -2.517026 -2.517026
-1.105451 -2.517026 -2.516949

-1.105451 -2.517026 -2.516949
-1.097986 -2.516913 -2.516913

-1.165566 -2.600000 -2.600000
-1.121779 -2.600000 -2.517026

-1.121779 -2.600000 -2.517026
-1.121779 -2.517026 -2.517026

-1.303905 -2.369039 -2.369039
-1.347099 -2.600000 -2.369039

-1.347099 -2.600000 -2.369039
-1.347099 -2.369039 -2.369039

-1.347099 -2.600000 -2.600000
-1.303905 -2.458692 -2.369039

-1.303905 -2.458692 -2.369039
-1.303905 -2.369039 -2.369039

-1.263896 -2.429801 -2.429801
-1.261305 -2.429748 -2.429823

-1.261305 -2.429748 -2.429823
-1.257452 -2.429857 -2.429857

-1.266422 -2.429958 -2.429958
-1.263896 -2.429801 -2.429930

-1.263896 -2.429801 -2.429930
-1.257452 -2.429857 -2.429857

-1.266422 -2.429958 -2.429958
-1.257452 -2.429857 -2.430117

-1.257452 -2.429857 -2.430117
-1.253760 -2.430183 -2.430183

-1.268885 -2.430221 -2.430221
-1.266422 -2.429958 -2.430215

-1.266422 -2.429958 -2.430215
-1.253760 -2.430183 -2.430183

-1.268885 -2.430221 -2.430221
-1.253760 -2.430183 -2.430631

-1.253760 -2.430183 -2.430631
-1.250229 -2.430727 -2.430727

-1.271283 -2.430589 -2.430589
-1.268885 -2.430221 -2.430605

-1.268885 -2.430221 -2.430605
-1.250229 -2.430727 -2.430727

-1.273618 -2.431062 -2.431062
-1.271283 -2.430589 -2.431029

-1.271283 -2.430589 -2.431029
-1.250229 -2.430727 -2.430727

-1.273618 -2.431062 -2.431062
-1.250229 -2.430727 -2.431434

-1.250229 -2.430727 -2.431434
-1.246858 -2.431488 -2.431488

-1.275889 -2.431641 -2.431641
-1.273618 -2.431062 -2.431629

-1.273618 -2.431062 -2.431629
-1.246858 -2.431488 -2.431488

-1.275889 -2.431641 -2.431641
-1.246858 -2.431488 -2.432384

-1.246858 -2.431488 -2.432384
-1.243648 -2.432467 -2.432467

-1.278096 -2.432324 -2.432324
-1.275889 -2.431641 -2.432333

-1.275889 -2.431641 -2.432333
-1.243648 -2.432467 -2.432467

-1.280239 -2.433112 -2.433112
-1.278096 -2.432324 -2.433075

-1.278096 -2.432324 -2.433075
-1.243648 -2.432467 -2.432467

-1.280239 -2.433112 -2.433112
-1.243648 -2.432467 -2.433621

-1.243648 -2.432467 -2.433621
-1.240599 -2.433663 -2.433663

-1.282318 -2.434006 -2.434006
-1.280239 -2.433112 -2.433989

-1.280239 -2.433112 -2.433989
-1.240599 -2.433663 -2.433663

-1.282318 -2.434006 -2.434006
-1.240599 -2.433663 -2.435007

-1.240599 -2.433663 -2.435007
-1.237711 -2.435077 -2.435077

-1.284333 -2.435005 -2.435005
-1.282318 -2.434006 -2.435008

-1.282318 -2.434006 -2.435008
-1.237711 -2.435077 -2.435077

-1.286284 -2.436109 -2.436109
-1.284333 -2.435005 -2.436068

-1.284333 -2.435005 -2.436068
-1.237711 -2.435077 -2.435077

-1.286284 -2.436109 -2.436109
-1.237711 -2.435077 -2.436676

-1.237711 -2.435077 -2.436676
-1.234983 -2.436708 -2.436708

-1.288172 -2.437318 -2.437318
-1.286284 -2.436109 -2.437296

-1.286284 -2.436109 -2.437296
-1.234983 -2.436708 -2.436708

-1.288172 -2.437318 -2.437318
-1.234983 -2.436708 -2.438499

-1.234983 -2.436708 -2.438499
-1.232417 -2.438556 -2.438556

-1.289982 -2.438623 -2.438623
-1.288172 -2.437318 -2.438621

-1.288172 -2.437318 -2.438621
-1.232417 -2.438556 -2.438556

-1.289982 -2.438623 -2.438623
-1.232417 -2.438556 -2.440543

-1.232417 -2.438556 -2.440543
-1.230011 -2.440623 -2.440623

-1.291701 -2.440015 -2.440015
-1.289982 -2.438623 -2.440032

-1.289982 -2.438623 -2.440032
-1.230011 -2.440623 -2.440623

-1.293330 -2.441493 -2.441493
-1.291701 -2.440015 -2.441470

-1.291701 -2.440015 -2.441470
-1.230011 -2.440623 -2.440623

-1.293330 -2.441493 -2.441493
-1.230011 -2.440623 -2.442858

-1.230011 -2.440623 -2.442858
-1.227766 -2.442906 -2.442906

-1.294868 -2.443058 -2.443058
-1.293330 -2.441493 -2.443054

-1.293330 -2.441493 -2.443054
-1.227766 -2.442906 -2.442906

-1.294868 -2.443058 -2.443058
-1.227766 -2.442906 -2.445337

-1.227766 -2.442906 -2.445337
-1.225682 -2.445408 -2.445408

-1.296315 -2.444709 -2.444709
-1.294868 -2.443058 -2.444723

-1.294868 -2.443058 -2.444723
-1.225682 -2.445408 -2.445408

-1.297671 -2.446447 -2.446447
-1.296315 -2.444709 -2.446427

-1.296315 -2.444709 -2.446427
-1.225682 -2.445408 -2.445408

-1.297671 -2.446447 -2.446447
-1.225682 -2.445408 -2.448081

-1.225682 -2.445408 -2.448081
-1.223761 -2.448124 -2.448124

-1.298937 -2.448271 -2.448271
-1.297671 -2.446447 -2.448269

-1.297671 -2.446447 -2.448269
-1.223761 -2.448124 -2.448124

-1.298937 -2.448271 -2.448271
-1.223761 -2.448124 -2.450991

-1.223761 -2.448124 -2.450991
-1.222008 -2.451054 -2.451054

-1.300112 -2.450182 -2.450182
-1.298937 -2.448271 -2.450195

-1.298937 -2.448271 -2.450195
-1.222008 -2.451054 -2.451054

-1.301197 -2.452180 -2.452180
-1.300112 -2.450182 -2.452164

-1.300112 -2.450182 -2.452164
-1.222008 -2.451054 -2.451054

-1.301197 -2.452180 -2.452180
-1.222008 -2.451054 -2.454158

-1.222008 -2.451054 -2.454158
-1.220422 -2.454198 -2.454198

-1.302190 -2.454264 -2.454264
-1.301197 -2.452180 -2.454263

-1.301197 -2.452180 -2.454263
-1.220422 -2.454198 -2.454198

-1.302190 -2.454264 -2.454264
-1.220422 -2.454198 -2.457498

-1.220422 -2.454198 -2.457498
-1.219002 -2.457554 -2.457554

-1.303093 -2.456435 -2.456435
-1.302190 -2.454264 -2.456447

-1.302190 -2.454264 -2.456447
-1.219002 -2.457554 -2.457554

-1.303905 -2.458692 -2.458692
-1.303093 -2.456435 -2.458681

-1.303093 -2.456435 -2.458681
-1.219002 -2.457554 -2.457554

-1.303905 -2.458692 -2.458692
-1.219002 -2.457554 -2.461089

-1.219002 -2.457554 -2.461089
-1.217750 -2.461124 -2.461124

-1.347099 -2.600000 -2.600000
-1.303905 -2.458692 -2.491051

-1.303905 -2.458692 -2.491051
-1.300148 -2.481574 -2.481574

-1.299267 -2.479549 -2.479549
-1.300148 -2.481574 -2.475587

-1.300148 -2.481574 -2.475587
-1.303905 -2.458692 -2.458692

-1.298293 -2.477637 -2.477637
-1.299267 -2.479549 -2.474348

-1.299267 -2.479549 -2.474348
-1.303905 -2.458692 -2.458692

-1.297226 -2.475836 -2.475836
-1.298293 -2.477637 -2.473098

-1.298293 -2.477637 -2.473098
-1.303905 -2.458692 -2.458692

-1.296077 -2.474165 -2.474165
-1.297226 -2.475836 -2.471893

-1.297226 -2.475836 -2.471893
-1.303905 -2.458692 -2.458692

-1.294855 -2.472639 -2.472639
-1.296077 -2.474165 -2.470756

-1.296077 -2.474165 -2.470756
-1.303905 -2.458692 -2.458692

-1.293562 -2.471258 -2.471258
-1.294855 -2.472639 -2.469687

-1.294855 -2.472639 -2.469687
-1.303905 -2.458692 -2.458692

-1.292196 -2.470023 -2.470023
-1.293562 -2.471258 -2.468701

-1.293562 -2.471258 -2.468701
-1.303905 -2.458692 -2.458692

-1.290758 -2.468933 -2.468933
-1.292196 -2.470023 -2.467813

-1.292196 -2.470023 -2.467813
-1.303905 -2.458692 -2.458692

-1.289248 -2.467988 -2.467988
-1.290758 -2.468933 -2.467030

-1.290758 -2.468933 -2.467030
-1.303905 -2.458692 -2.458692

-1.287666 -2.467189 -2.467189
-1.289248 -2.467988 -2.466361

-1.289248 -2.467988 -2.466361
-1.303905 -2.458692 -2.458692

-1.286011 -2.466535 -2.466535
-1.287666 -2.467189 -2.465810

-1.287666 -2.467189 -2.465810
-1.303905 -2.458692 -2.458692

-1.284285 -2.466026 -2.466026
-1.286011 -2.466535 -2.465381

-1.286011 -2.466535 -2.465381
-1.303905 -2.458692 -2.458692

-1.282486 -2.465662 -2.465662
-1.284285 -2.466026 -2.465077

-1.284285 -2.466026 -2.465077
-1.303905 -2.458692 -2.458692

-1.280615 -2.465445 -2.465445
-1.282486 -2.465662 -2.464902

-1.282486 -2.465662 -2.464902
-1.303905 -2.458692 -2.458692

-1.278672 -2.465372 -2.465372
-1.280615 -2.465445 -2.464858

-1.280615 -2.465445 -2.464858
-1.303905 -2.458692 -2.458692

-1.217750 -2.461124 -2.461124
-1.278672 -2.465372 -2.459405

-1.278672 -2.465372 -2.459405
-1.303905 -2.458692 -2.458692

-1.278672 -2.465372 -2.465372
-1.217750 -2.461124 -2.464916

-1.217750 -2.461124 -2.464916
-1.216664 -2.464908 -2.464908

-1.278672 -2.465372 -2.465372
-1.276787 -2.465425 -2.465358

-1.276787 -2.465425 -2.465358
-1.216664 -2.464908 -2.464908

-1.276787 -2.465425 -2.465425
-1.216664 -2.464908 -2.468852

-1.216664 -2.464908 -2.468852
-1.215746 -2.468905 -2.468905

-1.215746 -2.468905 -2.468905
-1.274992 -2.465586 -2.465528

-1.274992 -2.465586 -2.465528
-1.276787 -2.465425 -2.465425

-1.215746 -2.468905 -2.468905
-1.273287 -2.465854 -2.465682

-1.273287 -2.465854 -2.465682
-1.274992 -2.465586 -2.465586

-1.215746 -2.468905 -2.468905
-1.271671 -2.466229 -2.465940

-1.271671 -2.466229 -2.465940
-1.273287 -2.465854 -2.465854

-1.215746 -2.468905 -2.468905
-1.270145 -2.466712 -2.466302

-1.270145 -2.466712 -2.466302
-1.271671 -2.466229 -2.466229

-1.215746 -2.468905 -2.468905
-1.268708 -2.467301 -2.466770

-1.268708 -2.467301 -2.466770
-1.270145 -2.466712 -2.466712

-1.215746 -2.468905 -2.468905
-1.267362 -2.467998 -2.467342

-1.267362 -2.467998 -2.467342
-1.268708 -2.467301 -2.467301

-1.215746 -2.468905 -2.468905
-1.266105 -2.468802 -2.468020

-1.266105 -2.468802 -2.468020
-1.267362 -2.467998 -2.467998

-1.215746 -2.468905 -2.468905
-1.264937 -2.469713 -2.468805

-1.264937 -2.469713 -2.468805
-1.266105 -2.468802 -2.468802

-1.264937 -2.469713 -2.469713
-1.215746 -2.468905 -2.473064

-1.215746 -2.468905 -2.473064
-1.214994 -2.473115 -2.473115

-1.214994 -2.473115 -2.473115
-1.263860 -2.470732 -2.469787

-1.263860 -2.470732 -2.469787
-1.264937 -2.469713 -2.469713

-1.214994 -2.473115 -2.473115
-1.262872 -2.471858 -2.470780

-1.262872 -2.471858 -2.470780
-1.263860 -2.470732 -2.470732

-1.214994 -2.473115 -2.473115
-1.261973 -2.473090 -2.471881

-1.261973 -2.473090 -2.471881
-1.262872 -2.471858 -2.471858

-1.214994 -2.473115 -2.473115
-1.261155 -2.474448 -2.473091

-1.261155 -2.474448 -2.473091
-1.261973 -2.473090 -2.473090

-1.261155 -2.474448 -2.474448
-1.214994 -2.473115 -2.477500

-1.214994 -2.473115 -2.477500
-1.214410 -2.477539 -2.477539

-1.214410 -2.477539 -2.477539
-1.260409 -2.475948 -2.474497

-1.260409 -2.475948 -2.474497
-1.261155 -2.474448 -2.474448

-1.214410 -2.477539 -2.477539
-1.259733 -2.477590 -2.475971

-1.259733 -2.477590 -2.475971
-1.260409 -2.475948 -2.475948

-1.259733 -2.477590 -2.477590
-1.214410 -2.477539 -2.482134

-1.214410 -2.477539 -2.482134
-1.213993 -2.482176 -2.482176

-1.213993 -2.482176 -2.482176
-1.259128 -2.479374 -2.477650

-1.259128 -2.479374 -2.477650
-1.259733 -2.477590 -2.477590

-1.213993 -2.482176 -2.482176
-1.258595 -2.481300 -2.479407

-1.258595 -2.481300 -2.479407
-1.259128 -2.479374 -2.479374

-1.213993 -2.482176 -2.482176
-1.258133 -2.483369 -2.481309

-1.258133 -2.483369 -2.481309
-1.258595 -2.481300 -2.481300

-1.347099 -2.600000 -2.600000
-1.300937 -2.483711 -2.483563

-1.300937 -2.483711 -2.483563
-1.300148 -2.481574 -2.481574

-1.258133 -2.483369 -2.483369
-1.213993 -2.482176 -2.487005

-1.213993 -2.482176 -2.487005
-1.213742 -2.487026 -2.487026

-1.213742 -2.487026 -2.487026
-1.257741 -2.485580 -2.483402

-1.257741 -2.485580 -2.483402
-1.258133 -2.483369 -2.483369

-1.347099 -2.600000 -2.600000
-1.301633 -2.485961 -2.485464

-1.301633 -2.485961 -2.485464
-1.300937 -2.483711 -2.483711

-1.213742 -2.487026 -2.487026
-1.257421 -2.487934 -2.485591

-1.257421 -2.487934 -2.485591
-1.257741 -2.485580 -2.485580

-1.347099 -2.600000 -2.600000
-1.302236 -2.488323 -2.487474

-1.302236 -2.488323 -2.487474
-1.301633 -2.485961 -2.485961

-1.257421 -2.487934 -2.487934
-1.213742 -2.487026 -2.492082

-1.213742 -2.487026 -2.492082
-1.213659 -2.492090 -2.492090

-1.213659 -2.492090 -2.492090
-1.257172 -2.490429 -2.487957

-1.257172 -2.490429 -2.487957
-1.257421 -2.487934 -2.487934

-1.347099 -2.600000 -2.600000
-1.302746 -2.490798 -2.489594

-1.302746 -2.490798 -2.489594
-1.302236 -2.488323 -2.488323

-1.213659 -2.492090 -2.492090
-1.256995 -2.493067 -2.490436

-1.256995 -2.493067 -2.490436
-1.257172 -2.490429 -2.490429

-1.347099 -2.600000 -2.600000
-1.303163 -2.493384 -2.491825

-1.303163 -2.493384 -2.491825
-1.302746 -2.490798 -2.490798

-1.256995 -2.493067 -2.493067
-1.213659 -2.600000 -2.492090

-1.213659 -2.600000 -2.492090
-1.213659 -2.492090 -2.492090

-1.213659 -2.600000 -2.600000
-1.256888 -2.495847 -2.493330

-1.256888 -2.495847 -2.493330
-1.256995 -2.493067 -2.493067

-1.347099 -2.600000 -2.600000
-1.303488 -2.496083 -2.494173

-1.303488 -2.496083 -2.494173
-1.303163 -2.493384 -2.493384

-1.213659 -2.600000 -2.600000
-1.256852 -2.498769 -2.495933

-1.256852 -2.498769 -2.495933
-1.256888 -2.495847 -2.495847

-1.347099 -2.600000 -2.600000
-1.303720 -2.498895 -2.496636

-1.303720 -2.498895 -2.496636
-1.303488 -2.496083 -2.496083

-1.213659 -2.600000 -2.600000
-1.256852 -2.600000 -2.498769

-1.256852 -2.600000 -2.498769
-1.256852 -2.498769 -2.498769

-1.347099 -2.600000 -2.600000
-1.303859 -2.501819 -2.499219

-1.303859 -2.501819 -2.499219
-1.303720 -2.498895 -2.498895

-1.347099 -2.600000 -2.600000
-1.303905 -2.504855 -2.501924

-1.303905 -2.504855 -2.501924
-1.303859 -2.501819 -2.501819

-1.347099 -2.600000 -2.600000
-1.303905 -2.600000 -2.504855

-1.303905 -2.600000 -2.504855
-1.303905 -2.504855 -2.504855

-1.568709 -2.521034 -2.521034
-1.725602 -2.556212 -2.521034

-1.725602 -2.556212 -2.521034
-1.725602 -2.521034 -2.521034

-1.725602 -2.556212 -2.556212
-1.568709 -2.556212 -2.521034

-1.568709 -2.556212 -2.521034
-1.568709 -2.521034 -2.521034

-1.568709 -2.453497 -2.453497
-1.725602 -2.488379 -2.453497

-1.725602 -2.488379 -2.453497
-1.725602 -2.453497 -2.453497

-1.725602 -2.488379 -2.488379
-1.568709 -2.488379 -2.453497

-1.568709 -2.488379 -2.453497
-1.568709 -2.453497 -2.453497

-2.039983 -2.600000 -2.600000
-2.048740 -2.433756 -2.572448

-2.048740 -2.433756 -2.572448
-2.092825 -2.433756 -2.433756

-2.013265 -2.563486 -2.563486
-2.039983 -2.600000 -2.465781

-2.039983 -2.600000 -2.465781
-2.048740 -2.433756 -2.433756

-2.013265 -2.563486 -2.563486
-1.977641 -2.433756 -2.505506

-1.977641 -2.433756 -2.505506
-1.933556 -2.433756 -2.433756

-2.013265 -2.563486 -2.563486
-1.986398 -2.600000 -2.519759

-1.986398 -2.600000 -2.519759
-1.933556 -2.433756 -2.433756

-2.039983 -2.600000 -2.600000
-2.013265 -2.563486 -2.600000

-2.013265 -2.563486 -2.600000
-1.986398 -2.600000 -2.600000

