2.644788 -2.244555

2.738152 -2.244555

2.738152 -2.283148

2.597437 -2.283148

2.597437 -2.245743

2.621187 -2.220509

2.628006 -2.213253

2.634364 -2.206478

2.640260 -2.200183

2.645694 -2.194369

2.650667 -2.189034

2.655178 -2.184180

2.659227 -2.179807

2.662814 -2.175914

2.665939 -2.172501

2.668603 -2.169568

2.670804 -2.167116

2.672544 -2.165144

2.674357 -2.163037

2.676082 -2.160969

2.677721 -2.158942

2.679273 -2.156955

2.680739 -2.155009

2.682119 -2.153102

2.683411 -2.151236

2.684617 -2.149410

2.685736 -2.147624

2.686769 -2.145879

2.687715 -2.144173

2.688575 -2.142508

2.689358 -2.140864

2.690072 -2.139224

2.690718 -2.137587

2.691296 -2.135952

2.691807 -2.134321

2.692249 -2.132693

2.692623 -2.131068

2.692929 -2.129446

2.693167 -2.127827

2.693337 -2.126211

2.693439 -2.124599

2.693473 -2.122989

2.693411 -2.120562

2.693224 -2.118229

2.692912 -2.115989

2.692476 -2.113844

2.691914 -2.111792

2.691229 -2.109834

2.690418 -2.107970

2.689482 -2.106200

2.688422 -2.104523

2.687237 -2.102940

2.685928 -2.101451

2.684493 -2.100056

2.682945 -2.098764

2.681292 -2.097584

2.679535 -2.096517

2.677674 -2.095562

2.675709 -2.094719

2.673639 -2.093989

2.671466 -2.093371

2.669188 -2.092865

2.666807 -2.092472

2.664321 -2.092191

2.661731 -2.092023

2.659037 -2.091967

2.657063 -2.091999

2.655048 -2.092097

2.652993 -2.092259

2.650898 -2.092486

2.648763 -2.092778

2.646587 -2.093136

2.644372 -2.093558

2.642116 -2.094045

2.639819 -2.094597

2.637483 -2.095214

2.635107 -2.095896

2.632690 -2.096642

2.630244 -2.097451

2.627782 -2.098318

2.625301 -2.099245

2.622803 -2.100230

2.620287 -2.101273

2.617754 -2.102376

2.615204 -2.103537

2.612635 -2.104757

2.610049 -2.106035

2.607446 -2.107373

2.604826 -2.108769

2.602187 -2.110224

2.602187 -2.069405

2.604830 -2.068459

2.607463 -2.067552

2.610087 -2.066682

2.612701 -2.065851

2.615307 -2.065058

2.617903 -2.064302

2.620489 -2.063586

2.623067 -2.062907

2.625635 -2.062266

2.628194 -2.061664

2.630744 -2.061099

2.633284 -2.060573

2.635811 -2.060087

2.638321 -2.059644

2.640812 -2.059242

2.643287 -2.058883

2.645744 -2.058566

2.648183 -2.058291

2.650605 -2.058059

2.653009 -2.057868

2.655396 -2.057720

2.657765 -2.057615

2.660117 -2.057551

2.662451 -2.057530

2.668209 -2.057644

2.673759 -2.057986

2.679098 -2.058555

2.684229 -2.059353

2.689151 -2.060378

2.693863 -2.061631

2.698366 -2.063112

2.702659 -2.064820

2.706744 -2.066756

2.710620 -2.068920

2.714286 -2.071312

2.717742 -2.073932

2.720955 -2.076749

2.723888 -2.079731

2.726541 -2.082880

2.728916 -2.086194

2.731011 -2.089675

2.732826 -2.093321

2.734363 -2.097133

2.735620 -2.101112

2.736598 -2.105256

2.737296 -2.109566

2.737715 -2.114042

2.737855 -2.118685

2.737824 -2.120850

2.737733 -2.122993

2.737581 -2.125113

2.737368 -2.127211

2.737094 -2.129286

2.736760 -2.131338

2.736365 -2.133368

2.735908 -2.135375

2.735392 -2.137359

2.734814 -2.139321

2.734175 -2.141260

2.733476 -2.143176

2.732702 -2.145098

2.731841 -2.147056

2.730892 -2.149048

2.729856 -2.151076

2.728732 -2.153138

2.727520 -2.155236

2.726221 -2.157369

2.724834 -2.159536

2.723359 -2.161739

2.721797 -2.163977

2.720147 -2.166250

2.718410 -2.168558

2.716908 -2.170415

2.715025 -2.172623

2.712760 -2.175182

2.710114 -2.178091

2.707087 -2.181350

2.703678 -2.184960

2.699888 -2.188920

2.695717 -2.193231

2.691163 -2.197892

2.686229 -2.202904

2.680913 -2.208266

2.675216 -2.213978

2.672079 -2.217116

2.669052 -2.220146

2.666134 -2.223070

2.663325 -2.225886

2.660625 -2.228595

2.658035 -2.231196

2.655554 -2.233691

2.653182 -2.236078

2.650920 -2.238358

2.648766 -2.240531

2.646722 -2.242597

2.430748 -2.283148

2.430748 -2.061538

2.474535 -2.061538

2.474535 -2.244555

2.568197 -2.244555

2.568197 -2.283148

2.385476 -2.116903

2.332634 -2.283148

2.279050 -2.283148

2.226208 -2.116903

2.270293 -2.116903

2.305768 -2.246634

2.341391 -2.116903

2.013356 -2.139020

1.964373 -2.187706

2.013356 -2.236688

1.988419 -2.261328

1.939436 -2.212642

1.890899 -2.261328

1.865962 -2.236688

1.914945 -2.187706

1.865962 -2.139020

1.890899 -2.114083

1.939436 -2.162769

1.988419 -2.114083

1.550098 -2.098349

1.550098 -2.163363

1.568058 -2.163363

1.571556 -2.163312

1.574876 -2.163161

1.578017 -2.162908

1.580980 -2.162555

1.583765 -2.162100

1.586371 -2.161544

1.588799 -2.160888

1.591049 -2.160130

1.593120 -2.159271

1.595013 -2.158312

1.596728 -2.157251

1.598264 -2.156090

1.599652 -2.154803

1.600918 -2.153368

1.602063 -2.151785

1.603089 -2.150053

1.603993 -2.148173

1.604777 -2.146145

1.605440 -2.143968

1.605983 -2.141642

1.606405 -2.139168

1.606706 -2.136546

1.606888 -2.133775

1.606948 -2.130856

1.606888 -2.127937

1.606706 -2.125166

1.606405 -2.122544

1.605983 -2.120070

1.605440 -2.117744

1.604777 -2.115567

1.603993 -2.113539

1.603089 -2.111659

1.602063 -2.109927

1.600918 -2.108344

1.599652 -2.106909

1.598264 -2.105623

1.596728 -2.104461

1.595013 -2.103400

1.593120 -2.102440

1.591049 -2.101582

1.588799 -2.100824

1.586371 -2.100168

1.583765 -2.099612

1.580980 -2.099157

1.578017 -2.098804

1.574876 -2.098551

1.571556 -2.098400

1.568058 -2.098349

1.506311 -2.061538

1.566426 -2.061538

1.573891 -2.061651

1.580999 -2.061991

1.587749 -2.062558

1.594141 -2.063352

1.600176 -2.064373

1.605853 -2.065620

1.611172 -2.067094

1.616134 -2.068795

1.620738 -2.070722

1.624985 -2.072877

1.628873 -2.075258

1.632404 -2.077866

1.635617 -2.080728

1.638549 -2.083873

1.641203 -2.087300

1.643578 -2.091010

1.645673 -2.095002

1.647488 -2.099277

1.649025 -2.103834

1.650282 -2.108674

1.651260 -2.113796

1.651958 -2.119200

1.652377 -2.124887

1.652517 -2.130856

1.652377 -2.136825

1.651958 -2.142512

1.651260 -2.147917

1.650282 -2.153039

1.649025 -2.157878

1.647488 -2.162435

1.645673 -2.166710

1.643578 -2.170702

1.641203 -2.174412

1.638549 -2.177839

1.635617 -2.180984

1.632404 -2.183846

1.628873 -2.186454

1.624985 -2.188835

1.620738 -2.190990

1.616134 -2.192917

1.611172 -2.194618

1.605853 -2.196092

1.600176 -2.197339

1.594141 -2.198360

1.587749 -2.199153

1.580999 -2.199720

1.573891 -2.200061

1.566426 -2.200174

1.550098 -2.200174

1.550098 -2.283148

1.506311 -2.283148

1.458219 -2.175237

1.458219 -2.283148

1.415025 -2.283148

1.415025 -2.181917

1.414989 -2.178995

1.414882 -2.176214

1.414705 -2.173577

1.414456 -2.171081

1.414136 -2.168728

1.413744 -2.166517

1.413282 -2.164448

1.412749 -2.162522

1.412144 -2.160737

1.411468 -2.159095

1.410722 -2.157596

1.409904 -2.156238

1.409005 -2.155005

1.408017 -2.153880

1.406940 -2.152861

1.405772 -2.151950

1.404516 -2.151146

1.403168 -2.150449

1.401732 -2.149859

1.400206 -2.149377

1.398590 -2.149002

1.396885 -2.148734

1.395090 -2.148573

1.393205 -2.148520

1.391262 -2.148592

1.389391 -2.148810

1.387593 -2.149173

1.385866 -2.149682

1.384211 -2.150336

1.382629 -2.151136

1.381119 -2.152080

1.379681 -2.153170

1.378315 -2.154406

1.377022 -2.155787

1.375800 -2.157313

1.374651 -2.158984

1.373584 -2.160784

1.372610 -2.162697

1.371729 -2.164722

1.370940 -2.166859

1.370244 -2.169109

1.369641 -2.171471

1.369131 -2.173945

1.368714 -2.176532

1.368389 -2.179231

1.368157 -2.182043

1.368017 -2.184966

1.367971 -2.188003

1.367971 -2.283148

1.324777 -2.283148

1.324777 -2.052187

1.367971 -2.052187

1.367971 -2.141840

1.368784 -2.139583

1.369687 -2.137412

1.370680 -2.135328

1.371764 -2.133330

1.372939 -2.131419

1.374205 -2.129594

1.375562 -2.127856

1.377009 -2.126205

1.378547 -2.124640

1.380176 -2.123162

1.381895 -2.121771

1.383705 -2.120466

1.385593 -2.119256

1.387544 -2.118153

1.389559 -2.117154

1.391638 -2.116260

1.393781 -2.115472

1.395988 -2.114788

1.398259 -2.114210

1.400594 -2.113737

1.402992 -2.113369

1.405455 -2.113106

1.407981 -2.112948

1.410571 -2.112896

1.414425 -2.113004

1.418117 -2.113331

1.421648 -2.113874

1.425019 -2.114636

1.428229 -2.115614

1.431278 -2.116811

1.434166 -2.118224

1.436894 -2.119855

1.439461 -2.121704

1.441866 -2.123770

1.444112 -2.126054

1.446196 -2.128555

1.448116 -2.131272

1.449869 -2.134202

1.451456 -2.137345

1.452875 -2.140702

1.454128 -2.144272

1.455213 -2.148056

1.456131 -2.152052

1.456883 -2.156263

1.457467 -2.160686

1.457885 -2.165323

1.458135 -2.170174

1.042311 -2.106216

1.042311 -2.170042

1.106137 -2.170042

1.106137 -2.205369

1.042311 -2.205369

1.042311 -2.269492

1.007132 -2.269492

1.007132 -2.205369

0.943009 -2.205369

0.943009 -2.170042

1.007132 -2.170042

1.007132 -2.106216

0.631598 -2.244555

0.724962 -2.244555

0.724962 -2.283148

0.584248 -2.283148

0.584248 -2.245743

0.607997 -2.220509

0.614817 -2.213253

0.621175 -2.206478

0.627071 -2.200183

0.632505 -2.194369

0.637478 -2.189034

0.641989 -2.184180

0.646037 -2.179807

0.649624 -2.175914

0.652750 -2.172501

0.655413 -2.169568

0.657615 -2.167116

0.659355 -2.165144

0.661167 -2.163037

0.662893 -2.160969

0.664531 -2.158942

0.666084 -2.156955

0.667550 -2.155009

0.668929 -2.153102

0.670222 -2.151236

0.671428 -2.149410

0.672547 -2.147624

0.673580 -2.145879

0.674526 -2.144173

0.675386 -2.142508

0.676168 -2.140864

0.676883 -2.139224

0.677529 -2.137587

0.678107 -2.135952

0.678617 -2.134321

0.679059 -2.132693

0.679433 -2.131068

0.679739 -2.129446

0.679978 -2.127827

0.680148 -2.126211

0.680250 -2.124599

0.680284 -2.122989

0.680221 -2.120562

0.680034 -2.118229

0.679723 -2.115989

0.679286 -2.113844

0.678725 -2.111792

0.678039 -2.109834

0.677228 -2.107970

0.676293 -2.106200

0.675233 -2.104523

0.674048 -2.102940

0.672738 -2.101451

0.671304 -2.100056

0.669755 -2.098764

0.668102 -2.097584

0.666345 -2.096517

0.664484 -2.095562

0.662519 -2.094719

0.660450 -2.093989

0.658276 -2.093371

0.655999 -2.092865

0.653617 -2.092472

0.651131 -2.092191

0.648542 -2.092023

0.645848 -2.091967

0.643873 -2.091999

0.641859 -2.092097

0.639804 -2.092259

0.637709 -2.092486

0.635573 -2.092778

0.633398 -2.093136

0.631182 -2.093558

0.628926 -2.094045

0.626630 -2.094597

0.624294 -2.095214

0.621917 -2.095896

0.619501 -2.096642

0.617055 -2.097451

0.614592 -2.098318

0.612112 -2.099245

0.609613 -2.100230

0.607098 -2.101273

0.604565 -2.102376

0.602014 -2.103537

0.599446 -2.104757

0.596860 -2.106035

0.594257 -2.107373

0.591636 -2.108769

0.588998 -2.110224

0.588998 -2.069405

0.591640 -2.068459

0.594274 -2.067552

0.596897 -2.066682

0.599512 -2.065851

0.602117 -2.065058

0.604713 -2.064302

0.607300 -2.063586

0.609877 -2.062907

0.612446 -2.062266

0.615005 -2.061664

0.617554 -2.061099

0.620095 -2.060573

0.622622 -2.060087

0.625131 -2.059644

0.627623 -2.059242

0.630097 -2.058883

0.632554 -2.058566

0.634993 -2.058291

0.637415 -2.058059

0.639819 -2.057868

0.642206 -2.057720

0.644576 -2.057615

0.646927 -2.057551

0.649261 -2.057530

0.655020 -2.057644

0.660569 -2.057986

0.665909 -2.058555

0.671040 -2.059353

0.675961 -2.060378

0.680674 -2.061631

0.685177 -2.063112

0.689470 -2.064820

0.693555 -2.066756

0.697430 -2.068920

0.701096 -2.071312

0.704553 -2.073932

0.707765 -2.076749

0.710698 -2.079731

0.713352 -2.082880

0.715726 -2.086194

0.717821 -2.089675

0.719637 -2.093321

0.721174 -2.097133

0.722430 -2.101112

0.723408 -2.105256

0.724107 -2.109566

0.724525 -2.114042

0.724665 -2.118685

0.724635 -2.120850

0.724544 -2.122993

0.724391 -2.125113

0.724179 -2.127211

0.723905 -2.129286

0.723571 -2.131338

0.723175 -2.133368

0.722719 -2.135375

0.722202 -2.137359

0.721625 -2.139321

0.720986 -2.141260

0.720287 -2.143176

0.719513 -2.145098

0.718652 -2.147056

0.717703 -2.149048

0.716666 -2.151076

0.715542 -2.153138

0.714330 -2.155236

0.713031 -2.157369

0.711644 -2.159536

0.710170 -2.161739

0.708608 -2.163977

0.706958 -2.166250

0.705220 -2.168558

0.703719 -2.170415

0.701835 -2.172623

0.699571 -2.175182

0.696925 -2.178091

0.693897 -2.181350

0.690489 -2.184960

0.686698 -2.188920

0.682527 -2.193231

0.677974 -2.197892

0.673040 -2.202904

0.667724 -2.208266

0.662027 -2.213978

0.658890 -2.217116

0.655863 -2.220146

0.652944 -2.223070

0.650136 -2.225886

0.647436 -2.228595

0.644846 -2.231196

0.642365 -2.233691

0.639993 -2.236078

0.637730 -2.238358

0.635577 -2.240531

0.633533 -2.242597

0.417558 -2.283148

0.417558 -2.061538

0.461346 -2.061538

0.461346 -2.244555

0.555007 -2.244555

0.555007 -2.283148

0.360115 -2.175237

0.360115 -2.283148

0.316921 -2.283148

0.316921 -2.181917

0.316886 -2.178995

0.316779 -2.176214

0.316601 -2.173577

0.316352 -2.171081

0.316032 -2.168728

0.315641 -2.166517

0.315179 -2.164448

0.314645 -2.162522

0.314041 -2.160737

0.313365 -2.159095

0.312618 -2.157596

0.311800 -2.156238

0.310902 -2.155005

0.309914 -2.153880

0.308836 -2.152861

0.307669 -2.151950

0.306412 -2.151146

0.305065 -2.150449

0.303629 -2.149859

0.302103 -2.149377

0.300487 -2.149002

0.298781 -2.148734

0.296986 -2.148573

0.295102 -2.148520

0.293159 -2.148592

0.291288 -2.148810

0.289489 -2.149173

0.287762 -2.149682

0.286108 -2.150336

0.284526 -2.151136

0.283016 -2.152080

0.281578 -2.153170

0.280212 -2.154406

0.278918 -2.155787

0.277697 -2.157313

0.276548 -2.158984

0.275481 -2.160784

0.274507 -2.162697

0.273625 -2.164722

0.272837 -2.166859

0.272141 -2.169109

0.271538 -2.171471

0.271028 -2.173945

0.270610 -2.176532

0.270285 -2.179231

0.270054 -2.182043

0.269914 -2.184966

0.269868 -2.188003

0.269868 -2.283148

0.226674 -2.283148

0.226674 -2.052187

0.269868 -2.052187

0.269868 -2.141840

0.270680 -2.139583

0.271583 -2.137412

0.272577 -2.135328

0.273661 -2.133330

0.274836 -2.131419

0.276102 -2.129594

0.277459 -2.127856

0.278906 -2.126205

0.280444 -2.124640

0.282073 -2.123162

0.283792 -2.121771

0.285602 -2.120466

0.287489 -2.119256

0.289441 -2.118153

0.291456 -2.117154

0.293535 -2.116260

0.295678 -2.115472

0.297885 -2.114788

0.300156 -2.114210

0.302490 -2.113737

0.304889 -2.113369

0.307352 -2.113106

0.309878 -2.112948

0.312468 -2.112896

0.316321 -2.113004

0.320014 -2.113331

0.323545 -2.113874

0.326916 -2.114636

0.330126 -2.115614

0.333175 -2.116811

0.336063 -2.118224

0.338790 -2.119855

0.341357 -2.121704

0.343763 -2.123770

0.346008 -2.126054

0.348092 -2.128555

0.350013 -2.131272

0.351766 -2.134202

0.353352 -2.137345

0.354772 -2.140702

0.356024 -2.144272

0.357110 -2.148056

0.358028 -2.152052

0.358779 -2.156263

0.359364 -2.160686

0.359781 -2.165323

0.360032 -2.170174

0.000166 -2.139020

-0.048816 -2.187706

0.000166 -2.236688

-0.024770 -2.261328

-0.073753 -2.212642

-0.122290 -2.261328

-0.147227 -2.236688

-0.098244 -2.187706

-0.147227 -2.139020

-0.122290 -2.114083

-0.073753 -2.162769

-0.024770 -2.114083

-0.463092 -2.098349

-0.463092 -2.163363

-0.445131 -2.163363

-0.441633 -2.163312

-0.438314 -2.163161

-0.435172 -2.162908

-0.432209 -2.162555

-0.429425 -2.162100

-0.426818 -2.161544

-0.424391 -2.160888

-0.422141 -2.160130

-0.420069 -2.159271

-0.418176 -2.158312

-0.416462 -2.157251

-0.414925 -2.156090

-0.413538 -2.154803

-0.412272 -2.153368

-0.411126 -2.151785

-0.410101 -2.150053

-0.409197 -2.148173

-0.408413 -2.146145

-0.407749 -2.143968

-0.407207 -2.141642

-0.406785 -2.139168

-0.406483 -2.136546

-0.406302 -2.133775

-0.406242 -2.130856

-0.406302 -2.127937

-0.406483 -2.125166

-0.406785 -2.122544

-0.407207 -2.120070

-0.407749 -2.117744

-0.408413 -2.115567

-0.409197 -2.113539

-0.410101 -2.111659

-0.411126 -2.109927

-0.412272 -2.108344

-0.413538 -2.106909

-0.414925 -2.105623

-0.416462 -2.104461

-0.418176 -2.103400

-0.420069 -2.102440

-0.422141 -2.101582

-0.424391 -2.100824

-0.426818 -2.100168

-0.429425 -2.099612

-0.432209 -2.099157

-0.435172 -2.098804

-0.438314 -2.098551

-0.441633 -2.098400

-0.445131 -2.098349

-0.506879 -2.061538

-0.446764 -2.061538

-0.439299 -2.061651

-0.432191 -2.061991

-0.425441 -2.062558

-0.419048 -2.063352

-0.413014 -2.064373

-0.407337 -2.065620

-0.402017 -2.067094

-0.397056 -2.068795

-0.392452 -2.070722

-0.388206 -2.072877

-0.384317 -2.075258

-0.380786 -2.077866

-0.377573 -2.080728

-0.374640 -2.083873

-0.371987 -2.087300

-0.369612 -2.091010

-0.367517 -2.095002

-0.365701 -2.099277

-0.364165 -2.103834

-0.362908 -2.108674

-0.361930 -2.113796

-0.361232 -2.119200

-0.360813 -2.124887

-0.360673 -2.130856

-0.360813 -2.136825

-0.361232 -2.142512

-0.361930 -2.147917

-0.362908 -2.153039

-0.364165 -2.157878

-0.365701 -2.162435

-0.367517 -2.166710

-0.369612 -2.170702

-0.371987 -2.174412

-0.374640 -2.177839

-0.377573 -2.180984

-0.380786 -2.183846

-0.384317 -2.186454

-0.388206 -2.188835

-0.392452 -2.190990

-0.397056 -2.192917

-0.402017 -2.194618

-0.407337 -2.196092

-0.413014 -2.197339

-0.419048 -2.198360

-0.425441 -2.199153

-0.432191 -2.199720

-0.439299 -2.200061

-0.446764 -2.200174

-0.463092 -2.200174

-0.463092 -2.283148

-0.506879 -2.283148

-0.542800 -2.116903

-0.595642 -2.283148

-0.649226 -2.283148

-0.702068 -2.116903

-0.657984 -2.116903

-0.622508 -2.246634

-0.586884 -2.116903

-1.066915 -2.136645

-0.910022 -2.136645

-0.910022 -2.171526

-1.066915 -2.171526

-1.066915 -2.204182

-0.910022 -2.204182

-0.910022 -2.239360

-1.066915 -2.239360

-1.287041 -2.175237

-1.287041 -2.283148

-1.330235 -2.283148

-1.330235 -2.181917

-1.330270 -2.178995

-1.330377 -2.176214

-1.330555 -2.173577

-1.330804 -2.171081

-1.331124 -2.168728

-1.331515 -2.166517

-1.331977 -2.164448

-1.332511 -2.162522

-1.333115 -2.160737

-1.333791 -2.159095

-1.334538 -2.157596

-1.335356 -2.156238

-1.336254 -2.155005

-1.337242 -2.153880

-1.338320 -2.152861

-1.339487 -2.151950

-1.340744 -2.151146

-1.342091 -2.150449

-1.343527 -2.149859

-1.345054 -2.149377

-1.346669 -2.149002

-1.348375 -2.148734

-1.350170 -2.148573

-1.352054 -2.148520

-1.353997 -2.148592

-1.355868 -2.148810

-1.357667 -2.149173

-1.359394 -2.149682

-1.361048 -2.150336

-1.362630 -2.151136

-1.364140 -2.152080

-1.365578 -2.153170

-1.366944 -2.154406

-1.368238 -2.155787

-1.369459 -2.157313

-1.370609 -2.158984

-1.371675 -2.160784

-1.372649 -2.162697

-1.373531 -2.164722

-1.374319 -2.166859

-1.375015 -2.169109

-1.375618 -2.171471

-1.376128 -2.173945

-1.376546 -2.176532

-1.376871 -2.179231

-1.377102 -2.182043

-1.377242 -2.184966

-1.377288 -2.188003

-1.377288 -2.283148

-1.420482 -2.283148

-1.420482 -2.052187

-1.377288 -2.052187

-1.377288 -2.141840

-1.376476 -2.139583

-1.375573 -2.137412

-1.374579 -2.135328

-1.373495 -2.133330

-1.372320 -2.131419

-1.371054 -2.129594

-1.369697 -2.127856

-1.368250 -2.126205

-1.366712 -2.124640

-1.365084 -2.123162

-1.363364 -2.121771

-1.361554 -2.120466

-1.359667 -2.119256

-1.357716 -2.118153

-1.355700 -2.117154

-1.353621 -2.116260

-1.351478 -2.115472

-1.349271 -2.114788

-1.347000 -2.114210

-1.344666 -2.113737

-1.342267 -2.113369

-1.339805 -2.113106

-1.337278 -2.112948

-1.334688 -2.112896

-1.330835 -2.113004

-1.327143 -2.113331

-1.323611 -2.113874

-1.320240 -2.114636

-1.317031 -2.115614

-1.313982 -2.116811

-1.311093 -2.118224

-1.308366 -2.119855

-1.305799 -2.121704

-1.303393 -2.123770

-1.301148 -2.126054

-1.299064 -2.128555

-1.297144 -2.131272

-1.295390 -2.134202

-1.293804 -2.137345

-1.292385 -2.140702

-1.291132 -2.144272

-1.290047 -2.148056

-1.289128 -2.152052

-1.288377 -2.156263

-1.287792 -2.160686

-1.287375 -2.165323

-1.287125 -2.170174

4.090373 -1.698620

4.124216 -1.698620

4.128042 -1.704258

4.131702 -1.709891

4.135196 -1.715518

4.138524 -1.721141

4.141685 -1.726758

4.144681 -1.732370

4.147511 -1.737977

4.150175 -1.743579

4.152673 -1.749176

4.155005 -1.754767

4.157171 -1.760353

4.159172 -1.765934

4.161010 -1.771520

4.162687 -1.777119

4.164205 -1.782731

4.165564 -1.788356

4.166761 -1.793995

4.167800 -1.799647

4.168678 -1.805313

4.169397 -1.810992

4.169957 -1.816685

4.170357 -1.822390

4.170596 -1.828110

4.170676 -1.833842

4.170596 -1.839598

4.170359 -1.845336

4.169962 -1.851056

4.169406 -1.856759

4.168692 -1.862444

4.167818 -1.868112

4.166787 -1.873762

4.165596 -1.879395

4.164247 -1.885010

4.162739 -1.890608

4.161072 -1.896188

4.159246 -1.901750

4.157257 -1.907311

4.155099 -1.912885

4.152771 -1.918472

4.150274 -1.924073

4.147609 -1.929687

4.144774 -1.935315

4.141770 -1.940956

4.138598 -1.946610

4.135256 -1.952278

4.131745 -1.957959

4.128065 -1.963653

4.124216 -1.969361

4.090373 -1.969361

4.093569 -1.963439

4.096624 -1.957547

4.099539 -1.951684

4.102314 -1.945851

4.104949 -1.940048

4.107444 -1.934276

4.109797 -1.928533

4.112011 -1.922819

4.114085 -1.917136

4.116019 -1.911483

4.117812 -1.905860

4.119466 -1.900266

4.120983 -1.894691

4.122369 -1.889123

4.123622 -1.883563

4.124744 -1.878009

4.125733 -1.872463

4.126592 -1.866924

4.127317 -1.861393

4.127911 -1.855868

4.128372 -1.850351

4.128702 -1.844841

4.128900 -1.839338

4.128966 -1.833842

4.128900 -1.828301

4.128702 -1.822760

4.128372 -1.817218

4.127911 -1.811677

4.127317 -1.806135

4.126591 -1.800593

4.125733 -1.795052

4.124744 -1.789511

4.123622 -1.783969

4.122369 -1.778428

4.120983 -1.772886

4.119466 -1.767345

4.117812 -1.761788

4.116019 -1.756200

4.114085 -1.750581

4.112011 -1.744931

4.109797 -1.739251

4.107444 -1.733539

4.104949 -1.727797

4.102314 -1.722023

4.099539 -1.716219

4.096624 -1.710384

4.093569 -1.704517

3.934519 -1.818702

3.934556 -1.817409

3.934667 -1.816150

3.934853 -1.814927

3.935113 -1.813738

3.935447 -1.812585

3.935855 -1.811466

3.936337 -1.810383

3.936894 -1.809335

3.937525 -1.808321

3.938230 -1.807343

3.939008 -1.806400

3.939862 -1.805492

3.940769 -1.804638

3.941710 -1.803859

3.942683 -1.803154

3.943689 -1.802523

3.944728 -1.801967

3.945801 -1.801484

3.946905 -1.801076

3.948044 -1.800742

3.949214 -1.800482

3.950418 -1.800297

3.951655 -1.800185

3.952924 -1.800148

3.954219 -1.800185

3.955477 -1.800297

3.956700 -1.800482

3.957889 -1.800742

3.959042 -1.801076

3.960160 -1.801484

3.961244 -1.801967

3.962293 -1.802523

3.963306 -1.803154

3.964284 -1.803859

3.965227 -1.804638

3.966135 -1.805492

3.966989 -1.806400

3.967768 -1.807343

3.968473 -1.808321

3.969104 -1.809335

3.969661 -1.810383

3.970143 -1.811466

3.970551 -1.812585

3.970885 -1.813738

3.971144 -1.814927

3.971330 -1.816150

3.971442 -1.817409

3.971479 -1.818702

3.971442 -1.819972

3.971330 -1.821209

3.971144 -1.822413

3.970885 -1.823584

3.970551 -1.824722

3.970143 -1.825827

3.969661 -1.826899

3.969104 -1.827938

3.968473 -1.828944

3.967768 -1.829917

3.966989 -1.830857

3.966135 -1.831764

3.965227 -1.832618

3.964284 -1.833397

3.963306 -1.834102

3.962293 -1.834733

3.961244 -1.835290

3.960160 -1.835772

3.959042 -1.836180

3.957889 -1.836514

3.956700 -1.836774

3.955477 -1.836959

3.954219 -1.837071

3.952924 -1.837108

3.951655 -1.837071

3.950418 -1.836962

3.949214 -1.836779

3.948044 -1.836522

3.946905 -1.836193

3.945801 -1.835791

3.944728 -1.835315

3.943689 -1.834766

3.942683 -1.834144

3.941710 -1.833449

3.940769 -1.832680

3.939862 -1.831839

3.939008 -1.830942

3.938230 -1.830010

3.937525 -1.829042

3.936894 -1.828037

3.936337 -1.826996

3.935855 -1.825920

3.935447 -1.824807

3.935113 -1.823658

3.934853 -1.822473

3.934667 -1.821252

3.934556 -1.819995

3.952924 -1.740775

3.950458 -1.740904

3.948105 -1.741291

3.945864 -1.741935

3.943739 -1.742837

3.941725 -1.743996

3.939825 -1.745414

3.938040 -1.747089

3.936366 -1.749022

3.934807 -1.751212

3.933360 -1.753660

3.932028 -1.756366

3.930808 -1.759329

3.929694 -1.762576

3.928677 -1.766132

3.927756 -1.769998

3.926933 -1.774173

3.926206 -1.778656

3.925576 -1.783450

3.925043 -1.788552

3.924608 -1.793964

3.924268 -1.799684

3.924026 -1.805714

3.923880 -1.812054

3.923832 -1.818702

3.923880 -1.825327

3.924026 -1.831645

3.924268 -1.837655

3.924608 -1.843359

3.925043 -1.848755

3.925576 -1.853844

3.926206 -1.858626

3.926933 -1.863100

3.927756 -1.867268

3.928677 -1.871128

3.929694 -1.874681

3.930808 -1.877927

3.932028 -1.880890

3.933360 -1.883596

3.934807 -1.886044

3.936366 -1.888235

3.938040 -1.890167

3.939825 -1.891842

3.941725 -1.893260

3.943739 -1.894419

3.945864 -1.895321

3.948105 -1.895966

3.950458 -1.896352

3.952924 -1.896481

3.955415 -1.896352

3.957790 -1.895966

3.960049 -1.895321

3.962193 -1.894419

3.964222 -1.893260

3.966135 -1.891842

3.967933 -1.890167

3.969615 -1.888235

3.971182 -1.886044

3.972633 -1.883596

3.973969 -1.880890

3.975189 -1.877927

3.976304 -1.874681

3.977321 -1.871128

3.978242 -1.867268

3.979066 -1.863100

3.979792 -1.858626

3.980422 -1.853844

3.980955 -1.848755

3.981391 -1.843359

3.981730 -1.837655

3.981972 -1.831645

3.982118 -1.825327

3.982167 -1.818702

3.982118 -1.812054

3.981972 -1.805714

3.981730 -1.799684

3.981391 -1.793964

3.980955 -1.788552

3.980422 -1.783450

3.979792 -1.778656

3.979066 -1.774173

3.978242 -1.769998

3.977321 -1.766132

3.976304 -1.762576

3.975189 -1.759329

3.973969 -1.756366

3.972633 -1.753660

3.971182 -1.751212

3.969615 -1.749022

3.967933 -1.747089

3.966135 -1.745414

3.964222 -1.743996

3.962193 -1.742837

3.960049 -1.741935

3.957790 -1.741291

3.955415 -1.740904

3.879748 -1.818702

3.879874 -1.809304

3.880255 -1.800307

3.880889 -1.791711

3.881777 -1.783516

3.882917 -1.775721

3.884312 -1.768328

3.885960 -1.761336

3.887861 -1.754744

3.890017 -1.748554

3.892426 -1.742765

3.895089 -1.737376

3.898005 -1.732389

3.901175 -1.727801

3.904601 -1.723613

3.908284 -1.719823

3.912222 -1.716432

3.916414 -1.713440

3.920863 -1.710847

3.925568 -1.708653

3.930528 -1.706858

3.935744 -1.705462

3.941215 -1.704465

3.946942 -1.703866

3.952924 -1.703667

3.958931 -1.703866

3.964679 -1.704463

3.970171 -1.705458

3.975404 -1.706850

3.980380 -1.708641

3.985098 -1.710829

3.989558 -1.713415

3.993760 -1.716399

3.997705 -1.719781

4.001392 -1.723561

4.004822 -1.727739

4.007994 -1.732315

4.010909 -1.737291

4.013572 -1.742672

4.015981 -1.748457

4.018137 -1.754645

4.020038 -1.761238

4.021687 -1.768235

4.023081 -1.775636

4.024221 -1.783441

4.025109 -1.791651

4.025743 -1.800264

4.026124 -1.809281

4.026251 -1.818702

4.026124 -1.828100

4.025743 -1.837096

4.025109 -1.845689

4.024221 -1.853881

4.023081 -1.861670

4.021687 -1.869058

4.020038 -1.876044

4.018137 -1.882627

4.015981 -1.888809

4.013572 -1.894588

4.010909 -1.899966

4.007994 -1.904942

4.004822 -1.909517

4.001392 -1.913695

3.997705 -1.917475

3.993760 -1.920857

3.989558 -1.923841

3.985098 -1.926427

3.980380 -1.928616

3.975404 -1.930406

3.970171 -1.931799

3.964679 -1.932793

3.958931 -1.933390

3.952924 -1.933589

3.946942 -1.933390

3.941215 -1.932791

3.935744 -1.931794

3.930528 -1.930398

3.925568 -1.928603

3.920863 -1.926409

3.916414 -1.923816

3.912222 -1.920824

3.908284 -1.917433

3.904601 -1.913643

3.901175 -1.909455

3.898005 -1.904867

3.895089 -1.899881

3.892426 -1.894496

3.890017 -1.888711

3.887861 -1.882528

3.885960 -1.875946

3.884312 -1.868965

3.882917 -1.861585

3.881777 -1.853807

3.880889 -1.845629

3.880255 -1.837052

3.879874 -1.828077

3.745119 -1.874810

3.794547 -1.874810

3.794547 -1.929285

3.745119 -1.929285

3.523360 -1.890692

3.572343 -1.890692

3.572343 -1.746861

3.526775 -1.758142

3.526775 -1.718659

3.572640 -1.707675

3.614943 -1.707675

3.614943 -1.890692

3.663926 -1.890692

3.663926 -1.929285

3.523360 -1.929285

3.197848 -1.751462

3.243713 -1.751462

3.243713 -1.797328

3.197848 -1.797328

3.139217 -1.816179

3.302344 -1.816179

3.302344 -1.851506

3.139217 -1.851506

3.197848 -1.870654

3.243713 -1.870654

3.243713 -1.916519

3.197848 -1.916519

2.827805 -1.890692

2.921169 -1.890692

2.921169 -1.929285

2.780455 -1.929285

2.780455 -1.891880

2.804204 -1.866646

2.811023 -1.859390

2.817382 -1.852615

2.823278 -1.846320

2.828712 -1.840505

2.833685 -1.835171

2.838196 -1.830317

2.842244 -1.825944

2.845831 -1.822050

2.848957 -1.818637

2.851620 -1.815705

2.853822 -1.813253

2.855561 -1.811281

2.857374 -1.809173

2.859099 -1.807106

2.860739 -1.805079

2.862291 -1.803092

2.863756 -1.801146

2.865135 -1.799239

2.866428 -1.797373

2.867634 -1.795547

2.868753 -1.793761

2.869786 -1.792015

2.870732 -1.790310

2.871592 -1.788645

2.872374 -1.787001

2.873089 -1.785361

2.873736 -1.783723

2.874314 -1.782089

2.874824 -1.780458

2.875266 -1.778830

2.875641 -1.777205

2.875947 -1.775583

2.876184 -1.773964

2.876354 -1.772348

2.876457 -1.770735

2.876491 -1.769126

2.876429 -1.766699

2.876241 -1.764366

2.875929 -1.762126

2.875493 -1.759981

2.874932 -1.757929

2.874246 -1.755971

2.873435 -1.754107

2.872499 -1.752337

2.871440 -1.750660

2.870254 -1.749077

2.868944 -1.747588

2.867510 -1.746193

2.865961 -1.744901

2.864308 -1.743721

2.862551 -1.742654

2.860690 -1.741699

2.858725 -1.740856

2.856656 -1.740126

2.854482 -1.739508

2.852205 -1.739002

2.849823 -1.738609

2.847337 -1.738328

2.844748 -1.738160

2.842054 -1.738103

2.840080 -1.738136

2.838065 -1.738233

2.836010 -1.738396

2.833915 -1.738623

2.831780 -1.738915

2.829605 -1.739272

2.827389 -1.739694

2.825133 -1.740181

2.822837 -1.740733

2.820501 -1.741350

2.818124 -1.742032

2.815708 -1.742779

2.813262 -1.743588

2.810799 -1.744455

2.808318 -1.745381

2.805821 -1.746366

2.803304 -1.747410

2.800771 -1.748512

2.798221 -1.749673

2.795653 -1.750893

2.793067 -1.752172

2.790464 -1.753510

2.787843 -1.754906

2.785205 -1.756361

2.785205 -1.715542

2.787847 -1.714596

2.790480 -1.713688

2.793104 -1.712819

2.795719 -1.711987

2.798324 -1.711194

2.800920 -1.710439

2.803507 -1.709722

2.806084 -1.709044

2.808652 -1.708403

2.811211 -1.707801

2.813761 -1.707236

2.816301 -1.706710

2.818828 -1.706224

2.821337 -1.705780

2.823829 -1.705379

2.826304 -1.705019

2.828760 -1.704702

2.831200 -1.704428

2.833622 -1.704195

2.836026 -1.704005

2.838413 -1.703857

2.840782 -1.703752

2.843134 -1.703688

2.845468 -1.703667

2.851227 -1.703781

2.856776 -1.704123

2.862116 -1.704692

2.867246 -1.705490

2.872168 -1.706515

2.876880 -1.707767

2.881383 -1.709248

2.885677 -1.710957

2.889761 -1.712893

2.893636 -1.715057

2.897302 -1.717449

2.900759 -1.720069

2.903972 -1.722885

2.906905 -1.725868

2.909559 -1.729017

2.911933 -1.732331

2.914028 -1.735811

2.915844 -1.739458

2.917380 -1.743270

2.918638 -1.747249

2.919616 -1.751393

2.920314 -1.755703

2.920733 -1.760179

2.920872 -1.764821

2.920842 -1.766987

2.920751 -1.769130

2.920598 -1.771250

2.920386 -1.773348

2.920112 -1.775423

2.919778 -1.777475

2.919382 -1.779505

2.918926 -1.781512

2.918409 -1.783496

2.917831 -1.785457

2.917192 -1.787396

2.916493 -1.789313

2.915720 -1.791235

2.914859 -1.793193

2.913910 -1.795185

2.912873 -1.797213

2.911749 -1.799275

2.910537 -1.801373

2.909238 -1.803506

2.907851 -1.805673

2.906377 -1.807876

2.904814 -1.810114

2.903165 -1.812387

2.901427 -1.814695

2.899925 -1.816552

2.898042 -1.818760

2.895777 -1.821318

2.893131 -1.824227

2.890105 -1.827487

2.886695 -1.831096

2.882905 -1.835057

2.878734 -1.839367

2.874181 -1.844029

2.869246 -1.849040

2.863931 -1.854402

2.858234 -1.860115

2.855097 -1.863253

2.852070 -1.866283

2.849151 -1.869206

2.846343 -1.872023

2.843643 -1.874731

2.841052 -1.877333

2.838571 -1.879828

2.836200 -1.882215

2.833937 -1.884495

2.831784 -1.886668

2.829740 -1.888734

2.613765 -1.929285

2.613765 -1.707675

2.657552 -1.707675

2.657552 -1.890692

2.751214 -1.890692

2.751214 -1.929285

2.568493 -1.763040

2.515651 -1.929285

2.462067 -1.929285

2.409225 -1.763040

2.453309 -1.763040

2.488785 -1.892770

2.524409 -1.763040

2.351485 -1.698620

2.348289 -1.704517

2.345234 -1.710384

2.342319 -1.716219

2.339544 -1.722023

2.336910 -1.727797

2.334415 -1.733539

2.332061 -1.739251

2.329847 -1.744931

2.327773 -1.750581

2.325839 -1.756200

2.324045 -1.761788

2.322392 -1.767345

2.320875 -1.772886

2.319489 -1.778428

2.318236 -1.783969

2.317115 -1.789511

2.316125 -1.795052

2.315267 -1.800593

2.314542 -1.806135

2.313948 -1.811677

2.313486 -1.817218

2.313156 -1.822760

2.312958 -1.828301

2.312893 -1.833842

2.312958 -1.839338

2.313156 -1.844841

2.313486 -1.850351

2.313948 -1.855868

2.314542 -1.861393

2.315267 -1.866924

2.316125 -1.872463

2.317115 -1.878009

2.318236 -1.883563

2.319489 -1.889123

2.320875 -1.894691

2.322392 -1.900266

2.324045 -1.905860

2.325839 -1.911483

2.327773 -1.917136

2.329847 -1.922819

2.332061 -1.928533

2.334415 -1.934276

2.336910 -1.940048

2.339544 -1.945851

2.342319 -1.951684

2.345234 -1.957547

2.348289 -1.963439

2.351485 -1.969361

2.317642 -1.969361

2.313793 -1.963653

2.310114 -1.957959

2.306603 -1.952278

2.303261 -1.946610

2.300088 -1.940956

2.297085 -1.935315

2.294250 -1.929687

2.291584 -1.924073

2.289088 -1.918472

2.286760 -1.912885

2.284602 -1.907311

2.282613 -1.901750

2.280787 -1.896188

2.279120 -1.890608

2.277612 -1.885010

2.276263 -1.879395

2.275072 -1.873762

2.274040 -1.868112

2.273167 -1.862444

2.272453 -1.856759

2.271897 -1.851056

2.271500 -1.845336

2.271262 -1.839598

2.271183 -1.833842

2.271263 -1.828110

2.271502 -1.822390

2.271902 -1.816685

2.272461 -1.810992

2.273180 -1.805313

2.274059 -1.799647

2.275098 -1.793995

2.276295 -1.788356

2.277654 -1.782731

2.279172 -1.777119

2.280849 -1.771520

2.282686 -1.765934

2.284687 -1.760353

2.286853 -1.754767

2.289185 -1.749176

2.291683 -1.743579

2.294347 -1.737977

2.297177 -1.732370

2.300173 -1.726758

2.303335 -1.721141

2.306663 -1.715518

2.310157 -1.709891

2.313816 -1.704258

2.317642 -1.698620

2.013356 -1.785156

1.964373 -1.833842

2.013356 -1.882825

1.988419 -1.907465

1.939436 -1.858779

1.890899 -1.907465

1.865962 -1.882825

1.914945 -1.833842

1.865962 -1.785156

1.890899 -1.760220

1.939436 -1.808906

1.988419 -1.760220

1.550098 -1.744486

1.550098 -1.809500

1.568058 -1.809500

1.571556 -1.809449

1.574876 -1.809297

1.578017 -1.809045

1.580980 -1.808691

1.583765 -1.808237

1.586371 -1.807681

1.588799 -1.807025

1.591049 -1.806267

1.593120 -1.805408

1.595013 -1.804449

1.596728 -1.803388

1.598264 -1.802226

1.599652 -1.800940

1.600918 -1.799505

1.602063 -1.797922

1.603089 -1.796190

1.603993 -1.794310

1.604777 -1.792281

1.605440 -1.790104

1.605983 -1.787779

1.606405 -1.785305

1.606706 -1.782683

1.606888 -1.779912

1.606948 -1.776993

1.606888 -1.774074

1.606706 -1.771303

1.606405 -1.768681

1.605983 -1.766207

1.605440 -1.763881

1.604777 -1.761704

1.603993 -1.759676

1.603089 -1.757795

1.602063 -1.756064

1.600918 -1.754480

1.599652 -1.753046

1.598264 -1.751759

1.596728 -1.750597

1.595013 -1.749537

1.593120 -1.748577

1.591049 -1.747719

1.588799 -1.746961

1.586371 -1.746304

1.583765 -1.745749

1.580980 -1.745294

1.578017 -1.744941

1.574876 -1.744688

1.571556 -1.744537

1.568058 -1.744486

1.506311 -1.707675

1.566426 -1.707675

1.573891 -1.707788

1.580999 -1.708128

1.587749 -1.708695

1.594141 -1.709489

1.600176 -1.710509

1.605853 -1.711757

1.611172 -1.713231

1.616134 -1.714931

1.620738 -1.716859

1.624985 -1.719013

1.628873 -1.721394

1.632404 -1.724002

1.635617 -1.726865

1.638549 -1.730010

1.641203 -1.733437

1.643578 -1.737147

1.645673 -1.741139

1.647488 -1.745414

1.649025 -1.749971

1.650282 -1.754810

1.651260 -1.759932

1.651958 -1.765337

1.652377 -1.771024

1.652517 -1.776993

1.652377 -1.782962

1.651958 -1.788649

1.651260 -1.794053

1.650282 -1.799175

1.649025 -1.804015

1.647488 -1.808572

1.645673 -1.812846

1.643578 -1.816839

1.641203 -1.820548

1.638549 -1.823976

1.635617 -1.827121

1.632404 -1.829983

1.628873 -1.832591

1.624985 -1.834972

1.620738 -1.837126

1.616134 -1.839054

1.611172 -1.840755

1.605853 -1.842229

1.600176 -1.843476

1.594141 -1.844497

1.587749 -1.845290

1.580999 -1.845857

1.573891 -1.846197

1.566426 -1.846311

1.550098 -1.846311

1.550098 -1.929285

1.506311 -1.929285

1.458219 -1.821374

1.458219 -1.929285

1.415025 -1.929285

1.415025 -1.828054

1.414989 -1.825131

1.414882 -1.822351

1.414705 -1.819713

1.414456 -1.817218

1.414136 -1.814865

1.413744 -1.812654

1.413282 -1.810585

1.412749 -1.808658

1.412144 -1.806874

1.411468 -1.805232

1.410722 -1.803732

1.409904 -1.802375

1.409005 -1.801142

1.408017 -1.800016

1.406940 -1.798998

1.405772 -1.798087

1.404516 -1.797283

1.403168 -1.796586

1.401732 -1.795996

1.400206 -1.795514

1.398590 -1.795139

1.396885 -1.794871

1.395090 -1.794710

1.393205 -1.794656

1.391262 -1.794729

1.389391 -1.794947

1.387593 -1.795310

1.385866 -1.795819

1.384211 -1.796473

1.382629 -1.797272

1.381119 -1.798217

1.379681 -1.799307

1.378315 -1.800542

1.377022 -1.801923

1.375800 -1.803449

1.374651 -1.805121

1.373584 -1.806921

1.372610 -1.808834

1.371729 -1.810859

1.370940 -1.812996

1.370244 -1.815246

1.369641 -1.817608

1.369131 -1.820082

1.368714 -1.822669

1.368389 -1.825368

1.368157 -1.828179

1.368017 -1.831103

1.367971 -1.834139

1.367971 -1.929285

1.324777 -1.929285

1.324777 -1.698323

1.367971 -1.698323

1.367971 -1.787977

1.368784 -1.785719

1.369687 -1.783549

1.370680 -1.781464

1.371764 -1.779467

1.372939 -1.777556

1.374205 -1.775731

1.375562 -1.773993

1.377009 -1.772342

1.378547 -1.770777

1.380176 -1.769299

1.381895 -1.767907

1.383705 -1.766603

1.385593 -1.765393

1.387544 -1.764289

1.389559 -1.763291

1.391638 -1.762397

1.393781 -1.761608

1.395988 -1.760925

1.398259 -1.760347

1.400594 -1.759874

1.402992 -1.759506

1.405455 -1.759243

1.407981 -1.759085

1.410571 -1.759032

1.414425 -1.759141

1.418117 -1.759467

1.421648 -1.760011

1.425019 -1.760772

1.428229 -1.761751

1.431278 -1.762947

1.434166 -1.764361

1.436894 -1.765992

1.439461 -1.767841

1.441866 -1.769907

1.444112 -1.772191

1.446196 -1.774692

1.448116 -1.777409

1.449869 -1.780339

1.451456 -1.783482

1.452875 -1.786839

1.454128 -1.790409

1.455213 -1.794192

1.456131 -1.798189

1.456883 -1.802400

1.457467 -1.806823

1.457885 -1.811460

1.458135 -1.816310

1.042311 -1.752353

1.042311 -1.816179

1.106137 -1.816179

1.106137 -1.851506

1.042311 -1.851506

1.042311 -1.915629

1.007132 -1.915629

1.007132 -1.851506

0.943009 -1.851506

0.943009 -1.816179

1.007132 -1.816179

1.007132 -1.752353

0.613044 -1.698620

0.646887 -1.698620

0.650712 -1.704258

0.654372 -1.709891

0.657866 -1.715518

0.661194 -1.721141

0.664356 -1.726758

0.667352 -1.732370

0.670182 -1.737977

0.672846 -1.743579

0.675344 -1.749176

0.677676 -1.754767

0.679842 -1.760353

0.681843 -1.765934

0.683680 -1.771520

0.685358 -1.777119

0.686875 -1.782731

0.688233 -1.788356

0.689432 -1.793995

0.690470 -1.799647

0.691349 -1.805313

0.692068 -1.810992

0.692627 -1.816685

0.693026 -1.822390

0.693266 -1.828110

0.693346 -1.833842

0.693267 -1.839598

0.693028 -1.845336

0.692631 -1.851056

0.692076 -1.856759

0.691362 -1.862444

0.690489 -1.868112

0.689457 -1.873762

0.688266 -1.879395

0.686917 -1.885010

0.685409 -1.890608

0.683742 -1.896188

0.681917 -1.901750

0.679928 -1.907311

0.677769 -1.912885

0.675442 -1.918472

0.672945 -1.924073

0.670279 -1.929687

0.667444 -1.935315

0.664441 -1.940956

0.661268 -1.946610

0.657927 -1.952278

0.654415 -1.957959

0.650736 -1.963653

0.646887 -1.969361

0.613044 -1.969361

0.616239 -1.963439

0.619295 -1.957547

0.622210 -1.951684

0.624985 -1.945851

0.627619 -1.940048

0.630114 -1.934276

0.632468 -1.928533

0.634682 -1.922819

0.636756 -1.917136

0.638690 -1.911483

0.640484 -1.905860

0.642137 -1.900266

0.643654 -1.894691

0.645040 -1.889123

0.646293 -1.883563

0.647414 -1.878009

0.648404 -1.872463

0.649261 -1.866924

0.649987 -1.861393

0.650581 -1.855868

0.651043 -1.850351

0.651372 -1.844841

0.651571 -1.839338

0.651636 -1.833842

0.651571 -1.828301

0.651372 -1.822760

0.651043 -1.817218

0.650581 -1.811677

0.649987 -1.806135

0.649261 -1.800593

0.648404 -1.795052

0.647414 -1.789511

0.646293 -1.783969

0.645040 -1.778428

0.643654 -1.772886

0.642137 -1.767345

0.640484 -1.761788

0.638690 -1.756200

0.636756 -1.750581

0.634682 -1.744931

0.632468 -1.739251

0.630114 -1.733539

0.627619 -1.727797

0.624985 -1.722023

0.622210 -1.716219

0.619295 -1.710384

0.616239 -1.704517

0.457190 -1.818702

0.457227 -1.817409

0.457339 -1.816150

0.457524 -1.814927

0.457784 -1.813738

0.458118 -1.812585

0.458526 -1.811466

0.459008 -1.810383

0.459565 -1.809335

0.460196 -1.808321

0.460901 -1.807343

0.461680 -1.806400

0.462533 -1.805492

0.463441 -1.804638

0.464381 -1.803859

0.465354 -1.803154

0.466360 -1.802523

0.467399 -1.801967

0.468471 -1.801484

0.469576 -1.801076

0.470714 -1.800742

0.471885 -1.800482

0.473089 -1.800297

0.474326 -1.800185

0.475596 -1.800148

0.476889 -1.800185

0.478148 -1.800297

0.479371 -1.800482

0.480560 -1.800742

0.481713 -1.801076

0.482832 -1.801484

0.483915 -1.801967

0.484963 -1.802523

0.485976 -1.803154

0.486954 -1.803859

0.487898 -1.804638

0.488806 -1.805492

0.489659 -1.806400

0.490439 -1.807343

0.491144 -1.808321

0.491775 -1.809335

0.492332 -1.810383

0.492814 -1.811466

0.493222 -1.812585

0.493556 -1.813738

0.493816 -1.814927

0.494001 -1.816150

0.494113 -1.817409

0.494150 -1.818702

0.494113 -1.819972

0.494001 -1.821209

0.493816 -1.822413

0.493556 -1.823584

0.493222 -1.824722

0.492814 -1.825827

0.492332 -1.826899

0.491775 -1.827938

0.491144 -1.828944

0.490439 -1.829917

0.489659 -1.830857

0.488806 -1.831764

0.487898 -1.832618

0.486954 -1.833397

0.485976 -1.834102

0.484963 -1.834733

0.483915 -1.835290

0.482832 -1.835772

0.481713 -1.836180

0.480560 -1.836514

0.479371 -1.836774

0.478148 -1.836959

0.476889 -1.837071

0.475596 -1.837108

0.474326 -1.837071

0.473089 -1.836962

0.471885 -1.836779

0.470714 -1.836522

0.469576 -1.836193

0.468471 -1.835791

0.467399 -1.835315

0.466360 -1.834766

0.465354 -1.834144

0.464381 -1.833449

0.463441 -1.832680

0.462533 -1.831839

0.461680 -1.830942

0.460901 -1.830010

0.460196 -1.829042

0.459565 -1.828037

0.459008 -1.826996

0.458526 -1.825920

0.458118 -1.824807

0.457784 -1.823658

0.457524 -1.822473

0.457339 -1.821252

0.457227 -1.819995

0.475596 -1.740775

0.473129 -1.740904

0.470776 -1.741291

0.468536 -1.741935

0.466409 -1.742837

0.464396 -1.743996

0.462496 -1.745414

0.460710 -1.747089

0.459037 -1.749022

0.457478 -1.751212

0.456032 -1.753660

0.454699 -1.756366

0.453479 -1.759329

0.452365 -1.762576

0.451347 -1.766132

0.450427 -1.769998

0.449603 -1.774173

0.448877 -1.778656

0.448247 -1.783450

0.447714 -1.788552

0.447278 -1.793964

0.446939 -1.799684

0.446696 -1.805714

0.446551 -1.812054

0.446503 -1.818702

0.446551 -1.825327

0.446696 -1.831645

0.446939 -1.837655

0.447278 -1.843359

0.447714 -1.848755

0.448247 -1.853844

0.448877 -1.858626

0.449603 -1.863100

0.450427 -1.867268

0.451347 -1.871128

0.452365 -1.874681

0.453479 -1.877927

0.454699 -1.880890

0.456032 -1.883596

0.457478 -1.886044

0.459037 -1.888235

0.460710 -1.890167

0.462496 -1.891842

0.464396 -1.893260

0.466409 -1.894419

0.468536 -1.895321

0.470776 -1.895966

0.473129 -1.896352

0.475596 -1.896481

0.478086 -1.896352

0.480461 -1.895966

0.482720 -1.895321

0.484864 -1.894419

0.486893 -1.893260

0.488806 -1.891842

0.490604 -1.890167

0.492286 -1.888235

0.493853 -1.886044

0.495304 -1.883596

0.496640 -1.880890

0.497861 -1.877927

0.498975 -1.874681

0.499992 -1.871128

0.500913 -1.867268

0.501736 -1.863100

0.502463 -1.858626

0.503093 -1.853844

0.503626 -1.848755

0.504062 -1.843359

0.504401 -1.837655

0.504643 -1.831645

0.504788 -1.825327

0.504837 -1.818702

0.504788 -1.812054

0.504643 -1.805714

0.504401 -1.799684

0.504062 -1.793964

0.503626 -1.788552

0.503093 -1.783450

0.502463 -1.778656

0.501736 -1.774173

0.500913 -1.769998

0.499992 -1.766132

0.498975 -1.762576

0.497861 -1.759329

0.496640 -1.756366

0.495304 -1.753660

0.493853 -1.751212

0.492286 -1.749022

0.490604 -1.747089

0.488806 -1.745414

0.486893 -1.743996

0.484864 -1.742837

0.482720 -1.741935

0.480461 -1.741291

0.478086 -1.740904

0.402418 -1.818702

0.402545 -1.809304

0.402925 -1.800307

0.403559 -1.791711

0.404447 -1.783516

0.405588 -1.775721

0.406982 -1.768328

0.408631 -1.761336

0.410533 -1.754744

0.412688 -1.748554

0.415097 -1.742765

0.417759 -1.737376

0.420675 -1.732389

0.423846 -1.727801

0.427273 -1.723613

0.430954 -1.719823

0.434892 -1.716432

0.439085 -1.713440

0.443534 -1.710847

0.448239 -1.708653

0.453199 -1.706858

0.458414 -1.705462

0.463886 -1.704465

0.469613 -1.703866

0.475596 -1.703667

0.481602 -1.703866

0.487351 -1.704463

0.492842 -1.705458

0.498075 -1.706850

0.503051 -1.708641

0.507768 -1.710829

0.512228 -1.713415

0.516431 -1.716399

0.520376 -1.719781

0.524063 -1.723561

0.527492 -1.727739

0.530664 -1.732315

0.533580 -1.737291

0.536243 -1.742672

0.538652 -1.748457

0.540807 -1.754645

0.542709 -1.761238

0.544357 -1.768235

0.545752 -1.775636

0.546893 -1.783441

0.547780 -1.791651

0.548414 -1.800264

0.548794 -1.809281

0.548921 -1.818702

0.548794 -1.828100

0.548414 -1.837096

0.547780 -1.845689

0.546893 -1.853881

0.545752 -1.861670

0.544357 -1.869058

0.542709 -1.876044

0.540807 -1.882627

0.538652 -1.888809

0.536243 -1.894588

0.533580 -1.899966

0.530664 -1.904942

0.527492 -1.909517

0.524063 -1.913695

0.520376 -1.917475

0.516431 -1.920857

0.512228 -1.923841

0.507768 -1.926427

0.503051 -1.928616

0.498075 -1.930406

0.492842 -1.931799

0.487351 -1.932793

0.481602 -1.933390

0.475596 -1.933589

0.469613 -1.933390

0.463886 -1.932791

0.458414 -1.931794

0.453199 -1.930398

0.448239 -1.928603

0.443534 -1.926409

0.439085 -1.923816

0.434892 -1.920824

0.430954 -1.917433

0.427273 -1.913643

0.423846 -1.909455

0.420675 -1.904867

0.417759 -1.899881

0.415097 -1.894496

0.412688 -1.888711

0.410533 -1.882528

0.408631 -1.875946

0.406982 -1.868965

0.405588 -1.861585

0.404447 -1.853807

0.403559 -1.845629

0.402925 -1.837052

0.402545 -1.828077

0.267790 -1.874810

0.317218 -1.874810

0.317218 -1.929285

0.267790 -1.929285

0.046032 -1.890692

0.095015 -1.890692

0.095015 -1.746861

0.049446 -1.758142

0.049446 -1.718659

0.095311 -1.707675

0.137615 -1.707675

0.137615 -1.890692

0.186598 -1.890692

0.186598 -1.929285

0.046032 -1.929285

-0.279481 -1.751462

-0.233615 -1.751462

-0.233615 -1.797328

-0.279481 -1.797328

-0.338111 -1.816179

-0.174984 -1.816179

-0.174984 -1.851506

-0.338111 -1.851506

-0.279481 -1.870654

-0.233615 -1.870654

-0.233615 -1.916519

-0.279481 -1.916519

-0.649523 -1.890692

-0.556159 -1.890692

-0.556159 -1.929285

-0.696873 -1.929285

-0.696873 -1.891880

-0.673124 -1.866646

-0.666304 -1.859390

-0.659946 -1.852615

-0.654050 -1.846320

-0.648616 -1.840505

-0.643643 -1.835171

-0.639133 -1.830317

-0.635084 -1.825944

-0.631497 -1.822050

-0.628371 -1.818637

-0.625708 -1.815705

-0.623506 -1.813253

-0.621766 -1.811281

-0.619954 -1.809173

-0.618228 -1.807106

-0.616590 -1.805079

-0.615037 -1.803092

-0.613571 -1.801146

-0.612192 -1.799239

-0.610899 -1.797373

-0.609694 -1.795547

-0.608574 -1.793761

-0.607541 -1.792015

-0.606595 -1.790310

-0.605735 -1.788645

-0.604953 -1.787001

-0.604239 -1.785361

-0.603592 -1.783723

-0.603014 -1.782089

-0.602504 -1.780458

-0.602062 -1.778830

-0.601687 -1.777205

-0.601381 -1.775583

-0.601143 -1.773964

-0.600973 -1.772348

-0.600871 -1.770735

-0.600837 -1.769126

-0.600899 -1.766699

-0.601086 -1.764366

-0.601398 -1.762126

-0.601835 -1.759981

-0.602396 -1.757929

-0.603082 -1.755971

-0.603893 -1.754107

-0.604828 -1.752337

-0.605888 -1.750660

-0.607073 -1.749077

-0.608383 -1.747588

-0.609817 -1.746193

-0.611366 -1.744901

-0.613019 -1.743721

-0.614776 -1.742654

-0.616637 -1.741699

-0.618602 -1.740856

-0.620671 -1.740126

-0.622845 -1.739508

-0.625122 -1.739002

-0.627504 -1.738609

-0.629990 -1.738328

-0.632580 -1.738160

-0.635273 -1.738103

-0.637248 -1.738136

-0.639263 -1.738233

-0.641317 -1.738396

-0.643412 -1.738623

-0.645548 -1.738915

-0.647723 -1.739272

-0.649939 -1.739694

-0.652195 -1.740181

-0.654491 -1.740733

-0.656827 -1.741350

-0.659204 -1.742032

-0.661620 -1.742779

-0.664066 -1.743588

-0.666529 -1.744455

-0.669009 -1.745381

-0.671508 -1.746366

-0.674023 -1.747410

-0.676556 -1.748512

-0.679107 -1.749673

-0.681675 -1.750893

-0.684261 -1.752172

-0.686864 -1.753510

-0.689485 -1.754906

-0.692123 -1.756361

-0.692123 -1.715542

-0.689481 -1.714596

-0.686848 -1.713688

-0.684224 -1.712819

-0.681609 -1.711987

-0.679004 -1.711194

-0.676408 -1.710439

-0.673821 -1.709722

-0.671244 -1.709044

-0.668675 -1.708403

-0.666116 -1.707801

-0.663567 -1.707236

-0.661026 -1.706710

-0.658499 -1.706224

-0.655990 -1.705780

-0.653498 -1.705379

-0.651024 -1.705019

-0.648567 -1.704702

-0.646127 -1.704428

-0.643706 -1.704195

-0.641302 -1.704005

-0.638915 -1.703857

-0.636545 -1.703752

-0.634194 -1.703688

-0.631860 -1.703667

-0.626101 -1.703781

-0.620552 -1.704123

-0.615212 -1.704692

-0.610081 -1.705490

-0.605160 -1.706515

-0.600447 -1.707767

-0.595944 -1.709248

-0.591651 -1.710957

-0.587566 -1.712893

-0.583691 -1.715057

-0.580025 -1.717449

-0.576568 -1.720069

-0.573356 -1.722885

-0.570423 -1.725868

-0.567769 -1.729017

-0.565395 -1.732331

-0.563300 -1.735811

-0.561484 -1.739458

-0.559948 -1.743270

-0.558691 -1.747249

-0.557713 -1.751393

-0.557014 -1.755703

-0.556596 -1.760179

-0.556456 -1.764821

-0.556486 -1.766987

-0.556577 -1.769130

-0.556730 -1.771250

-0.556942 -1.773348

-0.557216 -1.775423

-0.557550 -1.777475

-0.557946 -1.779505

-0.558402 -1.781512

-0.558919 -1.783496

-0.559497 -1.785457

-0.560135 -1.787396

-0.560834 -1.789313

-0.561608 -1.791235

-0.562469 -1.793193

-0.563418 -1.795185

-0.564455 -1.797213

-0.565579 -1.799275

-0.566791 -1.801373

-0.568090 -1.803506

-0.569477 -1.805673

-0.570951 -1.807876

-0.572513 -1.810114

-0.574163 -1.812387

-0.575901 -1.814695

-0.577402 -1.816552

-0.579286 -1.818760

-0.581550 -1.821318

-0.584196 -1.824227

-0.587224 -1.827487

-0.590632 -1.831096

-0.594423 -1.835057

-0.598594 -1.839367

-0.603147 -1.844029

-0.608082 -1.849040

-0.613397 -1.854402

-0.619094 -1.860115

-0.622231 -1.863253

-0.625258 -1.866283

-0.628176 -1.869206

-0.630985 -1.872023

-0.633685 -1.874731

-0.636275 -1.877333

-0.638756 -1.879828

-0.641128 -1.882215

-0.643391 -1.884495

-0.645544 -1.886668

-0.647588 -1.888734

-0.863563 -1.929285

-0.863563 -1.707675

-0.819775 -1.707675

-0.819775 -1.890692

-0.726114 -1.890692

-0.726114 -1.929285

-0.921006 -1.821374

-0.921006 -1.929285

-0.964200 -1.929285

-0.964200 -1.828054

-0.964236 -1.825131

-0.964342 -1.822351

-0.964520 -1.819713

-0.964769 -1.817218

-0.965089 -1.814865

-0.965480 -1.812654

-0.965943 -1.810585

-0.966476 -1.808658

-0.967081 -1.806874

-0.967756 -1.805232

-0.968503 -1.803732

-0.969321 -1.802375

-0.970219 -1.801142

-0.971207 -1.800016

-0.972285 -1.798998

-0.973452 -1.798087

-0.974709 -1.797283

-0.976056 -1.796586

-0.977493 -1.795996

-0.979019 -1.795514

-0.980634 -1.795139

-0.982340 -1.794871

-0.984135 -1.794710

-0.986020 -1.794656

-0.987963 -1.794729

-0.989834 -1.794947

-0.991632 -1.795310

-0.993359 -1.795819

-0.995013 -1.796473

-0.996596 -1.797272

-0.998106 -1.798217

-0.999544 -1.799307

-1.000909 -1.800542

-1.002203 -1.801923

-1.003424 -1.803449

-1.004574 -1.805121

-1.005641 -1.806921

-1.006615 -1.808834

-1.007496 -1.810859

-1.008285 -1.812996

-1.008980 -1.815246

-1.009583 -1.817608

-1.010094 -1.820082

-1.010511 -1.822669

-1.010836 -1.825368

-1.011068 -1.828179

-1.011207 -1.831103

-1.011253 -1.834139

-1.011253 -1.929285

-1.054447 -1.929285

-1.054447 -1.698323

-1.011253 -1.698323

-1.011253 -1.787977

-1.010441 -1.785719

-1.009538 -1.783549

-1.008544 -1.781464

-1.007460 -1.779467

-1.006285 -1.777556

-1.005019 -1.775731

-1.003662 -1.773993

-1.002215 -1.772342

-1.000677 -1.770777

-0.999049 -1.769299

-0.997329 -1.767907

-0.995519 -1.766603

-0.993632 -1.765393

-0.991681 -1.764289

-0.989666 -1.763291

-0.987586 -1.762397

-0.985443 -1.761608

-0.983237 -1.760925

-0.980966 -1.760347

-0.978631 -1.759874

-0.976232 -1.759506

-0.973770 -1.759243

-0.971243 -1.759085

-0.968653 -1.759032

-0.964800 -1.759141

-0.961108 -1.759467

-0.957576 -1.760011

-0.954206 -1.760772

-0.950996 -1.761751

-0.947947 -1.762947

-0.945058 -1.764361

-0.942331 -1.765992

-0.939764 -1.767841

-0.937358 -1.769907

-0.935114 -1.772191

-0.933029 -1.774692

-0.931109 -1.777409

-0.929356 -1.780339

-0.927769 -1.783482

-0.926350 -1.786839

-0.925097 -1.790409

-0.924012 -1.794192

-0.923093 -1.798189

-0.922342 -1.802400

-0.921758 -1.806823

-0.921340 -1.811460

-0.921090 -1.816310

-1.125843 -1.698620

-1.129039 -1.704517

-1.132094 -1.710384

-1.135009 -1.716219

-1.137784 -1.722023

-1.140418 -1.727797

-1.142913 -1.733539

-1.145267 -1.739251

-1.147481 -1.744931

-1.149555 -1.750581

-1.151489 -1.756200

-1.153283 -1.761788

-1.154936 -1.767345

-1.156453 -1.772886

-1.157839 -1.778428

-1.159092 -1.783969

-1.160214 -1.789511

-1.161203 -1.795052

-1.162061 -1.800593

-1.162786 -1.806135

-1.163380 -1.811677

-1.163842 -1.817218

-1.164172 -1.822760

-1.164370 -1.828301

-1.164436 -1.833842

-1.164370 -1.839338

-1.164172 -1.844841

-1.163842 -1.850351

-1.163380 -1.855868

-1.162786 -1.861393

-1.162061 -1.866924

-1.161203 -1.872463

-1.160214 -1.878009

-1.159092 -1.883563

-1.157839 -1.889123

-1.156453 -1.894691

-1.154936 -1.900266

-1.153283 -1.905860

-1.151489 -1.911483

-1.149555 -1.917136

-1.147481 -1.922819

-1.145267 -1.928533

-1.142913 -1.934276

-1.140418 -1.940048

-1.137784 -1.945851

-1.135009 -1.951684

-1.132094 -1.957547

-1.129039 -1.963439

-1.125843 -1.969361

-1.159686 -1.969361

-1.163535 -1.963653

-1.167215 -1.957959

-1.170725 -1.952278

-1.174067 -1.946610

-1.177240 -1.940956

-1.180244 -1.935315

-1.183078 -1.929687

-1.185744 -1.924073

-1.188241 -1.918472

-1.190568 -1.912885

-1.192726 -1.907311

-1.194716 -1.901750

-1.196541 -1.896188

-1.198208 -1.890608

-1.199716 -1.885010

-1.201066 -1.879395

-1.202256 -1.873762

-1.203288 -1.868112

-1.204161 -1.862444

-1.204875 -1.856759

-1.205431 -1.851056

-1.205828 -1.845336

-1.206066 -1.839598

-1.206145 -1.833842

-1.206065 -1.828110

-1.205826 -1.822390

-1.205426 -1.816685

-1.204867 -1.810992

-1.204148 -1.805313

-1.203269 -1.799647

-1.202231 -1.793995

-1.201033 -1.788356

-1.199674 -1.782731

-1.198157 -1.777119

-1.196479 -1.771520

-1.194642 -1.765934

-1.192641 -1.760353

-1.190475 -1.754767

-1.188143 -1.749176

-1.185645 -1.743579

-1.182981 -1.737977

-1.180151 -1.732370

-1.177155 -1.726758

-1.173993 -1.721141

-1.170665 -1.715518

-1.167171 -1.709891

-1.163512 -1.704258

-1.159686 -1.698620

-1.463973 -1.785156

-1.512955 -1.833842

-1.463973 -1.882825

-1.488909 -1.907465

-1.537892 -1.858779

-1.586430 -1.907465

-1.611366 -1.882825

-1.562383 -1.833842

-1.611366 -1.785156

-1.586430 -1.760220

-1.537892 -1.808906

-1.488909 -1.760220

-1.927231 -1.744486

-1.927231 -1.809500

-1.909270 -1.809500

-1.905772 -1.809449

-1.902453 -1.809297

-1.899312 -1.809045

-1.896348 -1.808691

-1.893564 -1.808237

-1.890958 -1.807681

-1.888530 -1.807025

-1.886280 -1.806267

-1.884209 -1.805408

-1.882316 -1.804449

-1.880601 -1.803388

-1.879064 -1.802226

-1.877678 -1.800940

-1.876411 -1.799505

-1.875265 -1.797922

-1.874240 -1.796190

-1.873336 -1.794310

-1.872552 -1.792281

-1.871889 -1.790104

-1.871346 -1.787779

-1.870924 -1.785305

-1.870622 -1.782683

-1.870441 -1.779912

-1.870381 -1.776993

-1.870441 -1.774074

-1.870622 -1.771303

-1.870924 -1.768681

-1.871346 -1.766207

-1.871889 -1.763881

-1.872552 -1.761704

-1.873336 -1.759676

-1.874240 -1.757795

-1.875265 -1.756064

-1.876411 -1.754480

-1.877678 -1.753046

-1.879064 -1.751759

-1.880601 -1.750597

-1.882316 -1.749537

-1.884209 -1.748577

-1.886280 -1.747719

-1.888530 -1.746961

-1.890958 -1.746304

-1.893564 -1.745749

-1.896348 -1.745294

-1.899312 -1.744941

-1.902453 -1.744688

-1.905772 -1.744537

-1.909270 -1.744486

-1.971018 -1.707675

-1.910903 -1.707675

-1.903438 -1.707788

-1.896330 -1.708128

-1.889580 -1.708695

-1.883188 -1.709489

-1.877153 -1.710509

-1.871476 -1.711757

-1.866156 -1.713231

-1.861195 -1.714931

-1.856591 -1.716859

-1.852345 -1.719013

-1.848456 -1.721394

-1.844925 -1.724002

-1.841712 -1.726865

-1.838779 -1.730010

-1.836126 -1.733437

-1.833751 -1.737147

-1.831656 -1.741139

-1.829840 -1.745414

-1.828304 -1.749971

-1.827047 -1.754810

-1.826069 -1.759932

-1.825371 -1.765337

-1.824952 -1.771024

-1.824812 -1.776993

-1.824952 -1.782962

-1.825371 -1.788649

-1.826069 -1.794053

-1.827047 -1.799175

-1.828304 -1.804015

-1.829840 -1.808572

-1.831656 -1.812846

-1.833751 -1.816839

-1.836126 -1.820548

-1.838779 -1.823976

-1.841712 -1.827121

-1.844925 -1.829983

-1.848456 -1.832591

-1.852345 -1.834972

-1.856591 -1.837126

-1.861195 -1.839054

-1.866156 -1.840755

-1.871476 -1.842229

-1.877153 -1.843476

-1.883188 -1.844497

-1.889580 -1.845290

-1.896330 -1.845857

-1.903438 -1.846197

-1.910903 -1.846311

-1.927231 -1.846311

-1.927231 -1.929285

-1.971018 -1.929285

-2.006939 -1.763040

-2.059781 -1.929285

-2.113365 -1.929285

-2.166207 -1.763040

-2.122123 -1.763040

-2.086648 -1.892770

-2.051023 -1.763040

-2.531054 -1.782782

-2.374161 -1.782782

-2.374161 -1.817663

-2.531054 -1.817663

-2.531054 -1.850318

-2.374161 -1.850318

-2.374161 -1.885497

-2.531054 -1.885497

-2.751180 -1.821374

-2.751180 -1.929285

-2.794374 -1.929285

-2.794374 -1.828054

-2.794409 -1.825131

-2.794516 -1.822351

-2.794694 -1.819713

-2.794943 -1.817218

-2.795263 -1.814865

-2.795654 -1.812654

-2.796116 -1.810585

-2.796650 -1.808658

-2.797254 -1.806874

-2.797930 -1.805232

-2.798677 -1.803732

-2.799495 -1.802375

-2.800393 -1.801142

-2.801381 -1.800016

-2.802459 -1.798998

-2.803626 -1.798087

-2.804883 -1.797283

-2.806230 -1.796586

-2.807666 -1.795996

-2.809192 -1.795514

-2.810808 -1.795139

-2.812514 -1.794871

-2.814309 -1.794710

-2.816193 -1.794656

-2.818136 -1.794729

-2.820007 -1.794947

-2.821806 -1.795310

-2.823533 -1.795819

-2.825187 -1.796473

-2.826769 -1.797272

-2.828279 -1.798217

-2.829717 -1.799307

-2.831083 -1.800542

-2.832377 -1.801923

-2.833598 -1.803449

-2.834748 -1.805121

-2.835814 -1.806921

-2.836788 -1.808834

-2.837670 -1.810859

-2.838458 -1.812996

-2.839154 -1.815246

-2.839757 -1.817608

-2.840267 -1.820082

-2.840685 -1.822669

-2.841010 -1.825368

-2.841241 -1.828179

-2.841381 -1.831103

-2.841427 -1.834139

-2.841427 -1.929285

-2.884621 -1.929285

-2.884621 -1.698323

-2.841427 -1.698323

-2.841427 -1.787977

-2.840615 -1.785719

-2.839712 -1.783549

-2.838718 -1.781464

-2.837634 -1.779467

-2.836459 -1.777556

-2.835193 -1.775731

-2.833836 -1.773993

-2.832389 -1.772342

-2.830851 -1.770777

-2.829222 -1.769299

-2.827503 -1.767907

-2.825693 -1.766603

-2.823806 -1.765393

-2.821855 -1.764289

-2.819839 -1.763291

-2.817760 -1.762397

-2.815617 -1.761608

-2.813410 -1.760925

-2.811140 -1.760347

-2.808805 -1.759874

-2.806406 -1.759506

-2.803944 -1.759243

-2.801417 -1.759085

-2.798827 -1.759032

-2.794974 -1.759141

-2.791281 -1.759467

-2.787750 -1.760011

-2.784379 -1.760772

-2.781169 -1.761751

-2.778121 -1.762947

-2.775232 -1.764361

-2.772505 -1.765992

-2.769938 -1.767841

-2.767532 -1.769907

-2.765287 -1.772191

-2.763203 -1.774692

-2.761283 -1.777409

-2.759529 -1.780339

-2.757943 -1.783482

-2.756524 -1.786839

-2.755271 -1.790409

-2.754186 -1.794192

-2.753267 -1.798189

-2.752516 -1.802400

-2.751931 -1.806823

-2.751514 -1.811460

-2.751263 -1.816310

