2.367069 2.655653 2.655653
2.322239 2.457456 2.692618

2.322239 2.457456 2.692618
2.322239 2.692618 2.692618

2.397900 2.692618 2.692618
2.367069 2.655653 2.692618

2.367069 2.655653 2.692618
2.322239 2.692618 2.692618

2.367069 2.655653 2.655653
2.397900 2.692618 2.686184

2.397900 2.692618 2.686184
2.404293 2.692514 2.692514

2.367069 2.655653 2.655653
2.404293 2.692514 2.687041

2.404293 2.692514 2.687041
2.410416 2.692205 2.692205

2.367069 2.655653 2.655653
2.410416 2.692205 2.687401

2.410416 2.692205 2.687401
2.416270 2.691689 2.691689

2.367069 2.655653 2.655653
2.416270 2.691689 2.687367

2.416270 2.691689 2.687367
2.421853 2.690966 2.690966

2.367069 2.655653 2.655653
2.421853 2.690966 2.686997

2.421853 2.690966 2.686997
2.427167 2.690037 2.690037

2.367069 2.655653 2.655653
2.427167 2.690037 2.686327

2.427167 2.690037 2.686327
2.432211 2.688901 2.688901

2.367069 2.655653 2.655653
2.432211 2.688901 2.685381

2.432211 2.688901 2.685381
2.436985 2.687559 2.687559

2.367069 2.655653 2.655653
2.436985 2.687559 2.684174

2.436985 2.687559 2.684174
2.441489 2.686011 2.686011

2.367069 2.655653 2.655653
2.441489 2.686011 2.682716

2.441489 2.686011 2.682716
2.445724 2.684256 2.684256

2.367069 2.655653 2.655653
2.445724 2.684256 2.681016

2.445724 2.684256 2.681016
2.449688 2.682295 2.682295

2.367069 2.655653 2.655653
2.449688 2.682295 2.679079

2.449688 2.682295 2.679079
2.453383 2.680127 2.680127

2.367069 2.655653 2.655653
2.453383 2.680127 2.676909

2.453383 2.680127 2.676909
2.456809 2.677753 2.677753

2.367069 2.655653 2.655653
2.456809 2.677753 2.674511

2.456809 2.677753 2.674511
2.459961 2.675173 2.675173

2.367069 2.655653 2.655653
2.459961 2.675173 2.671886

2.459961 2.675173 2.671886
2.462840 2.672390 2.672390

2.367069 2.655653 2.655653
2.462840 2.672390 2.669037

2.462840 2.672390 2.669037
2.465445 2.669401 2.669401

2.367069 2.655653 2.655653
2.465445 2.669401 2.665965

2.465445 2.669401 2.665965
2.467776 2.666209 2.666209

2.367069 2.655653 2.655653
2.467776 2.666209 2.662669

2.467776 2.666209 2.662669
2.469832 2.662812 2.662812

2.367069 2.655653 2.655653
2.469832 2.662812 2.659151

2.469832 2.662812 2.659151
2.471614 2.659211 2.659211

2.367069 2.655653 2.655653
2.397900 2.655653 2.656702

2.397900 2.655653 2.656702
2.471614 2.659211 2.659211

2.397900 2.655653 2.655653
2.471614 2.659211 2.655411

2.471614 2.659211 2.655411
2.473122 2.655406 2.655406

2.322239 2.457456 2.457456
2.367069 2.601070 2.655653

2.367069 2.601070 2.655653
2.367069 2.655653 2.655653

2.473122 2.655406 2.655406
2.400717 2.655607 2.655643

2.400717 2.655607 2.655643
2.397900 2.655653 2.655653

2.473122 2.655406 2.655406
2.403399 2.655471 2.655600

2.403399 2.655471 2.655600
2.400717 2.655607 2.655607

2.473122 2.655406 2.655406
2.405947 2.655244 2.655469

2.405947 2.655244 2.655469
2.403399 2.655471 2.655471

2.405947 2.655244 2.655244
2.473122 2.655406 2.651466

2.473122 2.655406 2.651466
2.474356 2.651397 2.651397

2.474356 2.651397 2.651397
2.408360 2.654927 2.655109

2.408360 2.654927 2.655109
2.405947 2.655244 2.655244

2.474356 2.651397 2.651397
2.410640 2.654519 2.654805

2.410640 2.654519 2.654805
2.408360 2.654927 2.654927

2.474356 2.651397 2.651397
2.412785 2.654021 2.654414

2.412785 2.654021 2.654414
2.410640 2.654519 2.654519

2.474356 2.651397 2.651397
2.414795 2.653431 2.653935

2.414795 2.653431 2.653935
2.412785 2.654021 2.654021

2.474356 2.651397 2.651397
2.416671 2.652751 2.653367

2.416671 2.652751 2.653367
2.414795 2.653431 2.653431

2.474356 2.651397 2.651397
2.418413 2.651980 2.652710

2.418413 2.651980 2.652710
2.416671 2.652751 2.652751

2.474356 2.651397 2.651397
2.420020 2.651119 2.651964

2.420020 2.651119 2.651964
2.418413 2.651980 2.651980

2.420020 2.651119 2.651119
2.474356 2.651397 2.647251

2.474356 2.651397 2.647251
2.475316 2.647183 2.647183

2.475316 2.647183 2.647183
2.421493 2.650167 2.651014

2.421493 2.650167 2.651014
2.420020 2.651119 2.651119

2.475316 2.647183 2.647183
2.422832 2.649125 2.650093

2.422832 2.649125 2.650093
2.421493 2.650167 2.650167

2.475316 2.647183 2.647183
2.424050 2.647981 2.649080

2.424050 2.647981 2.649080
2.422832 2.649125 2.649125

2.475316 2.647183 2.647183
2.425163 2.646728 2.647964

2.425163 2.646728 2.647964
2.424050 2.647981 2.647981

2.425163 2.646728 2.646728
2.475316 2.647183 2.642818

2.475316 2.647183 2.642818
2.476001 2.642765 2.642765

2.476001 2.642765 2.642765
2.426170 2.645364 2.646650

2.426170 2.645364 2.646650
2.425163 2.646728 2.646728

2.476001 2.642765 2.642765
2.427070 2.643890 2.645317

2.427070 2.643890 2.645317
2.426170 2.645364 2.645364

2.476001 2.642765 2.642765
2.427865 2.642306 2.643872

2.427865 2.642306 2.643872
2.427070 2.643890 2.643890

2.427865 2.642306 2.642306
2.476001 2.642765 2.638178

2.476001 2.642765 2.638178
2.476412 2.638143 2.638143

2.476412 2.638143 2.638143
2.428554 2.640611 2.642247

2.428554 2.640611 2.642247
2.427865 2.642306 2.642306

2.476412 2.638143 2.638143
2.429136 2.638806 2.640581

2.429136 2.638806 2.640581
2.428554 2.640611 2.640611

2.476412 2.638143 2.638143
2.429613 2.636890 2.638799

2.429613 2.636890 2.638799
2.429136 2.638806 2.638806

2.429613 2.636890 2.636890
2.476412 2.638143 2.633326

2.476412 2.638143 2.633326
2.476549 2.633316 2.633316

2.476549 2.633316 2.633316
2.429984 2.634864 2.636862

2.429984 2.634864 2.636862
2.429613 2.636890 2.636890

2.476549 2.633316 2.633316
2.430249 2.632728 2.634856

2.430249 2.632728 2.634856
2.429984 2.634864 2.634864

2.430249 2.632728 2.632728
2.476469 2.629610 2.633315

2.476469 2.629610 2.633315
2.476549 2.633316 2.633316

2.476469 2.629610 2.629610
2.430408 2.630482 2.632718

2.430408 2.630482 2.632718
2.430249 2.632728 2.632728

2.476469 2.629610 2.629610
2.430461 2.628125 2.630481

2.430461 2.628125 2.630481
2.430408 2.630482 2.630482

2.430461 2.628125 2.628125
2.476226 2.626041 2.629602

2.476226 2.626041 2.629602
2.476469 2.629610 2.629610

2.430409 2.625770 2.625770
2.430461 2.628125 2.625770

2.430461 2.628125 2.625770
2.476226 2.626041 2.626041

2.430409 2.625770 2.625770
2.475822 2.622610 2.626039

2.475822 2.622610 2.626039
2.476226 2.626041 2.626041

2.430253 2.623528 2.623528
2.430409 2.625770 2.623525

2.430409 2.625770 2.623525
2.475822 2.622610 2.622610

2.429994 2.621401 2.621401
2.430253 2.623528 2.621407

2.430253 2.623528 2.621407
2.475822 2.622610 2.622610

2.429994 2.621401 2.621401
2.475256 2.619316 2.622595

2.475256 2.619316 2.622595
2.475822 2.622610 2.622610

2.429631 2.619386 2.619386
2.429994 2.621401 2.619386

2.429994 2.621401 2.619386
2.475256 2.619316 2.619316

2.429164 2.617486 2.617486
2.429631 2.619386 2.617504

2.429631 2.619386 2.617504
2.475256 2.619316 2.619316

2.429164 2.617486 2.617486
2.474529 2.616161 2.619287

2.474529 2.616161 2.619287
2.475256 2.619316 2.619316

2.428593 2.615699 2.615699
2.429164 2.617486 2.615704

2.429164 2.617486 2.615704
2.474529 2.616161 2.616161

2.428593 2.615699 2.615699
2.473639 2.613142 2.616152

2.473639 2.613142 2.616152
2.474529 2.616161 2.616161

2.427918 2.614025 2.614025
2.428593 2.615699 2.614012

2.428593 2.615699 2.614012
2.473639 2.613142 2.613142

2.427140 2.612465 2.612465
2.427918 2.614025 2.612476

2.427918 2.614025 2.612476
2.473639 2.613142 2.613142

2.427140 2.612465 2.612465
2.472589 2.610262 2.613127

2.472589 2.610262 2.613127
2.473639 2.613142 2.613142

2.426258 2.611019 2.611019
2.427140 2.612465 2.611004

2.427140 2.612465 2.611004
2.472589 2.610262 2.610262

2.425272 2.609686 2.609686
2.426258 2.611019 2.609698

2.426258 2.611019 2.609698
2.472589 2.610262 2.610262

2.425272 2.609686 2.609686
2.471376 2.607519 2.610247

2.471376 2.607519 2.610247
2.472589 2.610262 2.610262

2.424182 2.608467 2.608467
2.425272 2.609686 2.608445

2.425272 2.609686 2.608445
2.471376 2.607519 2.607519

2.422989 2.607362 2.607362
2.424182 2.608467 2.607366

2.424182 2.608467 2.607366
2.471376 2.607519 2.607519

2.422989 2.607362 2.607362
2.470002 2.604914 2.607515

2.470002 2.604914 2.607515
2.471376 2.607519 2.607519

2.421673 2.606357 2.606357
2.422989 2.607362 2.606318

2.422989 2.607362 2.606318
2.470002 2.604914 2.604914

2.420217 2.605439 2.605439
2.421673 2.606357 2.605424

2.421673 2.606357 2.605424
2.470002 2.604914 2.604914

2.418619 2.604609 2.604609
2.420217 2.605439 2.604618

2.420217 2.605439 2.604618
2.470002 2.604914 2.604914

2.418619 2.604609 2.604609
2.468466 2.602446 2.604905

2.468466 2.602446 2.604905
2.470002 2.604914 2.604914

2.416881 2.603866 2.603866
2.418619 2.604609 2.603818

2.418619 2.604609 2.603818
2.468466 2.602446 2.602446

2.415001 2.603211 2.603211
2.416881 2.603866 2.603184

2.416881 2.603866 2.603184
2.468466 2.602446 2.602446

2.412981 2.602643 2.602643
2.415001 2.603211 2.602636

2.415001 2.603211 2.602636
2.468466 2.602446 2.602446

2.410820 2.602162 2.602162
2.412981 2.602643 2.602173

2.412981 2.602643 2.602173
2.468466 2.602446 2.602446

2.410820 2.602162 2.602162
2.466769 2.600116 2.602438

2.466769 2.600116 2.602438
2.468466 2.602446 2.602446

2.408518 2.601769 2.601769
2.410820 2.602162 2.601704

2.410820 2.602162 2.601704
2.466769 2.600116 2.600116

2.406075 2.601463 2.601463
2.408518 2.601769 2.601409

2.408518 2.601769 2.601409
2.466769 2.600116 2.600116

2.403491 2.601244 2.601244
2.406075 2.601463 2.601198

2.406075 2.601463 2.601198
2.466769 2.600116 2.600116

2.400766 2.601114 2.601114
2.403491 2.601244 2.601072

2.403491 2.601244 2.601072
2.466769 2.600116 2.600116

2.397900 2.601070 2.601070
2.400766 2.601114 2.601030

2.400766 2.601114 2.601030
2.466769 2.600116 2.600116

2.322239 2.457456 2.457456
2.367069 2.564105 2.601070

2.367069 2.564105 2.601070
2.367069 2.601070 2.601070

2.397900 2.601070 2.601070
2.367069 2.564105 2.601070

2.367069 2.564105 2.601070
2.367069 2.601070 2.601070

2.367069 2.564105 2.564105
2.397900 2.601070 2.575241

2.397900 2.601070 2.575241
2.466769 2.600116 2.600116

2.367069 2.564105 2.564105
2.464909 2.597924 2.599445

2.464909 2.597924 2.599445
2.466769 2.600116 2.600116

2.367069 2.564105 2.564105
2.462894 2.595875 2.597227

2.462894 2.595875 2.597227
2.464909 2.597924 2.597924

2.367069 2.564105 2.564105
2.460728 2.593974 2.595156

2.460728 2.593974 2.595156
2.462894 2.595875 2.595875

2.367069 2.564105 2.564105
2.458411 2.592222 2.593235

2.458411 2.592222 2.593235
2.460728 2.593974 2.593974

2.367069 2.564105 2.564105
2.430775 2.583138 2.583715

2.430775 2.583138 2.583715
2.458411 2.592222 2.592222

2.430775 2.583138 2.583138
2.455943 2.590618 2.591411

2.455943 2.590618 2.591411
2.458411 2.592222 2.592222

2.430775 2.583138 2.583138
2.453325 2.589163 2.589840

2.453325 2.589163 2.589840
2.455943 2.590618 2.590618

2.430775 2.583138 2.583138
2.450556 2.587857 2.588423

2.450556 2.587857 2.588423
2.453325 2.589163 2.589163

2.430775 2.583138 2.583138
2.447636 2.586699 2.587160

2.447636 2.586699 2.587160
2.450556 2.587857 2.587857

2.430775 2.583138 2.583138
2.444565 2.585690 2.586050

2.444565 2.585690 2.586050
2.447636 2.586699 2.586699

2.430775 2.583138 2.583138
2.441344 2.584829 2.585093

2.441344 2.584829 2.585093
2.444565 2.585690 2.585690

2.430775 2.583138 2.583138
2.437972 2.584116 2.584289

2.437972 2.584116 2.584289
2.441344 2.584829 2.584829

2.430775 2.583138 2.583138
2.434449 2.583553 2.583637

2.434449 2.583553 2.583637
2.437972 2.584116 2.584116

2.367069 2.564105 2.564105
2.430775 2.583138 2.581411

2.430775 2.583138 2.581411
2.435166 2.582603 2.582603

2.367069 2.564105 2.564105
2.435166 2.582603 2.580858

2.435166 2.582603 2.580858
2.439372 2.581892 2.581892

2.367069 2.564105 2.564105
2.439372 2.581892 2.580114

2.439372 2.581892 2.580114
2.443394 2.581004 2.581004

2.367069 2.564105 2.564105
2.443394 2.581004 2.579181

2.443394 2.581004 2.579181
2.447231 2.579939 2.579939

2.367069 2.564105 2.564105
2.447231 2.579939 2.578062

2.447231 2.579939 2.578062
2.450883 2.578697 2.578697

2.367069 2.564105 2.564105
2.450883 2.578697 2.576755

2.450883 2.578697 2.576755
2.454350 2.577278 2.577278

2.367069 2.564105 2.564105
2.454350 2.577278 2.575263

2.454350 2.577278 2.575263
2.457634 2.575682 2.575682

2.367069 2.564105 2.564105
2.457634 2.575682 2.573585

2.457634 2.575682 2.573585
2.460732 2.573910 2.573910

2.367069 2.564105 2.564105
2.460732 2.573910 2.571723

2.460732 2.573910 2.571723
2.463646 2.571960 2.571960

2.367069 2.564105 2.564105
2.463646 2.571960 2.569675

2.463646 2.571960 2.569675
2.466375 2.569833 2.569833

2.367069 2.564105 2.564105
2.466375 2.569833 2.567444

2.466375 2.569833 2.567444
2.468920 2.567529 2.567529

2.367069 2.564105 2.564105
2.468920 2.567529 2.565027

2.468920 2.567529 2.565027
2.471280 2.565048 2.565048

2.367069 2.564105 2.564105
2.397900 2.564105 2.564384

2.397900 2.564105 2.564384
2.471280 2.565048 2.565048

2.397900 2.564105 2.564105
2.401381 2.564047 2.564149

2.401381 2.564047 2.564149
2.471280 2.565048 2.565048

2.401381 2.564047 2.564047
2.471280 2.565048 2.562444

2.471280 2.565048 2.562444
2.473453 2.562394 2.562394

2.367069 2.564105 2.564105
2.367069 2.494579 2.564105

2.367069 2.494579 2.564105
2.322239 2.457456 2.457456

2.473453 2.562394 2.562394
2.404695 2.563873 2.563971

2.404695 2.563873 2.563971
2.401381 2.564047 2.564047

2.473453 2.562394 2.562394
2.407839 2.563584 2.563805

2.407839 2.563584 2.563805
2.404695 2.563873 2.563873

2.473453 2.562394 2.562394
2.410816 2.563178 2.563530

2.410816 2.563178 2.563530
2.407839 2.563584 2.563584

2.473453 2.562394 2.562394
2.413625 2.562657 2.563143

2.413625 2.562657 2.563143
2.410816 2.563178 2.563178

2.473453 2.562394 2.562394
2.416265 2.562020 2.562646

2.416265 2.562020 2.562646
2.413625 2.562657 2.562657

2.416265 2.562020 2.562020
2.473453 2.562394 2.559651

2.473453 2.562394 2.559651
2.475437 2.559569 2.559569

2.475437 2.559569 2.559569
2.418737 2.561268 2.561918

2.418737 2.561268 2.561918
2.416265 2.562020 2.562020

2.475437 2.559569 2.559569
2.421041 2.560399 2.561199

2.421041 2.560399 2.561199
2.418737 2.561268 2.561268

2.475437 2.559569 2.559569
2.423176 2.559415 2.560367

2.423176 2.559415 2.560367
2.421041 2.560399 2.560399

2.423176 2.559415 2.559415
2.475437 2.559569 2.556668

2.475437 2.559569 2.556668
2.477233 2.556574 2.556574

2.477233 2.556574 2.556574
2.425143 2.558315 2.559312

2.425143 2.558315 2.559312
2.423176 2.559415 2.559415

2.477233 2.556574 2.556574
2.426942 2.557099 2.558255

2.426942 2.557099 2.558255
2.425143 2.558315 2.558315

2.477233 2.556574 2.556574
2.428573 2.555768 2.557082

2.428573 2.555768 2.557082
2.426942 2.557099 2.557099

2.428573 2.555768 2.555768
2.477233 2.556574 2.553484

2.477233 2.556574 2.553484
2.478839 2.553408 2.553408

2.478839 2.553408 2.553408
2.430056 2.554304 2.555698

2.430056 2.554304 2.555698
2.428573 2.555768 2.555768

2.478839 2.553408 2.553408
2.431409 2.552692 2.554279

2.431409 2.552692 2.554279
2.430056 2.554304 2.554304

2.431409 2.552692 2.552692
2.478839 2.553408 2.550148

2.478839 2.553408 2.550148
2.480256 2.550072 2.550072

2.480256 2.550072 2.550072
2.432634 2.550931 2.552626

2.432634 2.550931 2.552626
2.431409 2.552692 2.552692

2.480256 2.550072 2.550072
2.433729 2.549021 2.550911

2.433729 2.549021 2.550911
2.432634 2.550931 2.550931

2.433729 2.549021 2.549021
2.480256 2.550072 2.546629

2.480256 2.550072 2.546629
2.481485 2.546566 2.546566

2.481485 2.546566 2.546566
2.434696 2.546963 2.548972

2.434696 2.546963 2.548972
2.433729 2.549021 2.549021

2.481485 2.546566 2.546566
2.435534 2.544757 2.546956

2.435534 2.544757 2.546956
2.434696 2.546963 2.546963

2.435534 2.544757 2.544757
2.481485 2.546566 2.542930

2.481485 2.546566 2.542930
2.482524 2.542889 2.542889

2.482524 2.542889 2.542889
2.436243 2.542402 2.544729

2.436243 2.542402 2.544729
2.435534 2.544757 2.544757

2.436243 2.542402 2.542402
2.482524 2.542889 2.539102

2.482524 2.542889 2.539102
2.483375 2.539042 2.539042

2.483375 2.539042 2.539042
2.436823 2.539898 2.542360

2.436823 2.539898 2.542360
2.436243 2.542402 2.542402

2.483375 2.539042 2.539042
2.437274 2.537246 2.539890

2.437274 2.537246 2.539890
2.436823 2.539898 2.539898

2.437274 2.537246 2.537246
2.483375 2.539042 2.535055

2.483375 2.539042 2.535055
2.484036 2.535024 2.535024

2.484036 2.535024 2.535024
2.437596 2.534445 2.537230

2.437596 2.534445 2.537230
2.437274 2.537246 2.537246

2.437596 2.534445 2.534445
2.484036 2.535024 2.530872

2.484036 2.535024 2.530872
2.484508 2.530836 2.530836

2.484508 2.530836 2.530836
2.437789 2.531496 2.534430

2.437789 2.531496 2.534430
2.437596 2.534445 2.534445

2.484508 2.530836 2.530836
2.437854 2.528398 2.531495

2.437854 2.528398 2.531495
2.437789 2.531496 2.531496

2.437854 2.528398 2.528398
2.484508 2.530836 2.526489

2.484508 2.530836 2.526489
2.484792 2.526477 2.526477

2.437792 2.525356 2.525356
2.437854 2.528398 2.525357

2.437854 2.528398 2.525357
2.484792 2.526477 2.526477

2.437792 2.525356 2.525356
2.484792 2.526477 2.521955

2.484792 2.526477 2.521955
2.484886 2.521949 2.521949

2.437607 2.522469 2.522469
2.437792 2.525356 2.522467

2.437792 2.525356 2.522467
2.484886 2.521949 2.521949

2.437299 2.519737 2.519737
2.437607 2.522469 2.519751

2.437607 2.522469 2.519751
2.484886 2.521949 2.521949

2.437299 2.519737 2.519737
2.484744 2.516416 2.521942

2.484744 2.516416 2.521942
2.484886 2.521949 2.521949

2.436866 2.517160 2.517160
2.437299 2.519737 2.517153

2.437299 2.519737 2.517153
2.484744 2.516416 2.516416

2.436311 2.514738 2.514738
2.436866 2.517160 2.514757

2.436866 2.517160 2.514757
2.484744 2.516416 2.516416

2.436311 2.514738 2.514738
2.484318 2.511143 2.516401

2.484318 2.511143 2.516401
2.484744 2.516416 2.516416

2.435632 2.512471 2.512471
2.436311 2.514738 2.512453

2.436311 2.514738 2.512453
2.484318 2.511143 2.511143

2.434830 2.510360 2.510360
2.435632 2.512471 2.510372

2.435632 2.512471 2.510372
2.484318 2.511143 2.511143

2.434830 2.510360 2.510360
2.483608 2.506130 2.511132

2.483608 2.506130 2.511132
2.484318 2.511143 2.511143

2.433904 2.508403 2.508403
2.434830 2.510360 2.508361

2.434830 2.510360 2.508361
2.483608 2.506130 2.506130

2.432855 2.506602 2.506602
2.433904 2.508403 2.506592

2.433904 2.508403 2.506592
2.483608 2.506130 2.506130

2.431682 2.504956 2.504956
2.432855 2.506602 2.504983

2.432855 2.506602 2.504983
2.483608 2.506130 2.506130

2.431682 2.504956 2.504956
2.482614 2.501377 2.506108

2.482614 2.501377 2.506108
2.483608 2.506130 2.506130

2.430386 2.503465 2.503465
2.431682 2.504956 2.503413

2.431682 2.504956 2.503413
2.482614 2.501377 2.501377

2.428967 2.502129 2.502129
2.430386 2.503465 2.502109

2.430386 2.503465 2.502109
2.482614 2.501377 2.501377

2.427393 2.500923 2.500923
2.428967 2.502129 2.500936

2.428967 2.502129 2.500936
2.482614 2.501377 2.501377

2.427393 2.500923 2.500923
2.481336 2.496885 2.501367

2.481336 2.496885 2.501367
2.482614 2.501377 2.501377

2.425635 2.499822 2.499822
2.427393 2.500923 2.499729

2.427393 2.500923 2.499729
2.481336 2.496885 2.496885

2.423692 2.498826 2.498826
2.425635 2.499822 2.498760

2.425635 2.499822 2.498760
2.481336 2.496885 2.496885

2.421565 2.497934 2.497934
2.423692 2.498826 2.497897

2.423692 2.498826 2.497897
2.481336 2.496885 2.496885

2.419253 2.497148 2.497148
2.421565 2.497934 2.497138

2.421565 2.497934 2.497138
2.481336 2.496885 2.496885

2.416756 2.496466 2.496466
2.419253 2.497148 2.496482

2.419253 2.497148 2.496482
2.481336 2.496885 2.496885

2.416756 2.496466 2.496466
2.479774 2.492652 2.496874

2.479774 2.492652 2.496874
2.481336 2.496885 2.496885

2.414075 2.495889 2.495889
2.416756 2.496466 2.495757

2.416756 2.496466 2.495757
2.479774 2.492652 2.492652

2.411209 2.495418 2.495418
2.414075 2.495889 2.495302

2.414075 2.495889 2.495302
2.479774 2.492652 2.492652

2.408159 2.495050 2.495050
2.411209 2.495418 2.494948

2.411209 2.495418 2.494948
2.479774 2.492652 2.492652

2.404924 2.494788 2.494788
2.408159 2.495050 2.494696

2.408159 2.495050 2.494696
2.479774 2.492652 2.492652

2.401504 2.494631 2.494631
2.404924 2.494788 2.494545

2.404924 2.494788 2.494545
2.479774 2.492652 2.492652

2.397900 2.494579 2.494579
2.401504 2.494631 2.494494

2.401504 2.494631 2.494494
2.479774 2.492652 2.492652

2.322239 2.457456 2.457456
2.367069 2.494579 2.479452

2.367069 2.494579 2.479452
2.397900 2.494579 2.494579

2.322239 2.457456 2.457456
2.397900 2.494579 2.474360

2.397900 2.494579 2.474360
2.479774 2.492652 2.492652

2.322239 2.457456 2.457456
2.477928 2.488679 2.492239

2.477928 2.488679 2.492239
2.479774 2.492652 2.492652

2.322239 2.457456 2.457456
2.475798 2.484966 2.488252

2.475798 2.484966 2.488252
2.477928 2.488679 2.488679

2.322239 2.457456 2.457456
2.473384 2.481513 2.484533

2.473384 2.481513 2.484533
2.475798 2.484966 2.484966

2.322239 2.457456 2.457456
2.470685 2.478320 2.481084

2.470685 2.478320 2.481084
2.473384 2.481513 2.481513

2.322239 2.457456 2.457456
2.467704 2.475387 2.477901

2.467704 2.475387 2.477901
2.470685 2.478320 2.478320

2.322239 2.457456 2.457456
2.464437 2.472714 2.474984

2.464437 2.472714 2.474984
2.467704 2.475387 2.475387

2.322239 2.457456 2.457456
2.460851 2.470277 2.472329

2.460851 2.470277 2.472329
2.464437 2.472714 2.472714

2.322239 2.457456 2.457456
2.456909 2.468052 2.469912

2.456909 2.468052 2.469912
2.460851 2.470277 2.470277

2.322239 2.457456 2.457456
2.452610 2.466039 2.467714

2.452610 2.466039 2.467714
2.456909 2.468052 2.468052

2.322239 2.457456 2.457456
2.447956 2.464237 2.465732

2.447956 2.464237 2.465732
2.452610 2.466039 2.466039

2.322239 2.457456 2.457456
2.442945 2.462648 2.463967

2.442945 2.462648 2.463967
2.447956 2.464237 2.464237

2.322239 2.457456 2.457456
2.437579 2.461271 2.462417

2.437579 2.461271 2.462417
2.442945 2.462648 2.462648

2.322239 2.457456 2.457456
2.431856 2.460105 2.461081

2.431856 2.460105 2.461081
2.437579 2.461271 2.461271

2.322239 2.457456 2.457456
2.425777 2.459152 2.459958

2.425777 2.459152 2.459958
2.431856 2.460105 2.460105

2.322239 2.457456 2.457456
2.419342 2.458410 2.459046

2.419342 2.458410 2.459046
2.425777 2.459152 2.459152

2.322239 2.457456 2.457456
2.412551 2.457880 2.458343

2.412551 2.457880 2.458343
2.419342 2.458410 2.458410

2.322239 2.457456 2.457456
2.405403 2.457562 2.457846

2.405403 2.457562 2.457846
2.412551 2.457880 2.457880

2.322239 2.457456 2.457456
2.397900 2.457456 2.457552

2.397900 2.457456 2.457552
2.405403 2.457562 2.457562

2.217164 2.683652 2.683652
2.171075 2.633631 2.683652

2.171075 2.633631 2.683652
2.171075 2.683652 2.683652

2.171075 2.633631 2.633631
2.217164 2.633631 2.683652

2.217164 2.633631 2.683652
2.217164 2.683652 2.683652

2.171075 2.633631 2.633631
2.126088 2.598238 2.633631

2.126088 2.598238 2.633631
2.126088 2.633631 2.633631

2.126088 2.598238 2.598238
2.171075 2.633631 2.615721

2.171075 2.633631 2.615721
2.217164 2.633631 2.633631

2.126088 2.598238 2.598238
2.217164 2.633631 2.619540

2.217164 2.633631 2.619540
2.277409 2.633631 2.633631

2.126088 2.598238 2.598238
2.277409 2.598238 2.633631

2.277409 2.598238 2.633631
2.277409 2.633631 2.633631

2.277409 2.598238 2.598238
2.171075 2.598238 2.598238

2.171075 2.598238 2.598238
2.126088 2.598238 2.598238

2.217164 2.598238 2.598238
2.171075 2.517072 2.598238

2.171075 2.517072 2.598238
2.171075 2.598238 2.598238

2.277409 2.598238 2.598238
2.217164 2.598238 2.598238

2.217164 2.598238 2.598238
2.171075 2.598238 2.598238

2.171075 2.517072 2.517072
2.217164 2.514870 2.598238

2.217164 2.514870 2.598238
2.217164 2.598238 2.598238

2.217164 2.514870 2.514870
2.171173 2.511507 2.517068

2.171173 2.511507 2.517068
2.171075 2.517072 2.517072

2.171173 2.511507 2.511507
2.217164 2.514870 2.512949

2.217164 2.514870 2.512949
2.217204 2.512950 2.512950

2.171173 2.511507 2.511507
2.217204 2.512950 2.511124

2.217204 2.512950 2.511124
2.217323 2.511123 2.511123

2.217323 2.511123 2.511123
2.171464 2.506243 2.511505

2.171464 2.506243 2.511505
2.171173 2.511507 2.511507

2.171464 2.506243 2.506243
2.217323 2.511123 2.509376

2.217323 2.511123 2.509376
2.217523 2.509389 2.509389

2.171464 2.506243 2.506243
2.217523 2.509389 2.507739

2.217523 2.509389 2.507739
2.217802 2.507748 2.507748

2.171464 2.506243 2.506243
2.217802 2.507748 2.506200

2.217802 2.507748 2.506200
2.218161 2.506200 2.506200

2.218161 2.506200 2.506200
2.171950 2.501279 2.506242

2.171950 2.501279 2.506242
2.171464 2.506243 2.506243

2.171950 2.501279 2.501279
2.218161 2.506200 2.504711

2.218161 2.506200 2.504711
2.218599 2.504744 2.504744

2.171950 2.501279 2.501279
2.218599 2.504744 2.503358

2.218599 2.504744 2.503358
2.219118 2.503381 2.503381

2.171950 2.501279 2.501279
2.219118 2.503381 2.502101

2.219118 2.503381 2.502101
2.219716 2.502111 2.502111

2.171950 2.501279 2.501279
2.219716 2.502111 2.500939

2.219716 2.502111 2.500939
2.220393 2.500934 2.500934

2.220393 2.500934 2.500934
2.172631 2.496615 2.501274

2.172631 2.496615 2.501274
2.171950 2.501279 2.501279

2.172631 2.496615 2.496615
2.220393 2.500934 2.499800

2.220393 2.500934 2.499800
2.221151 2.499850 2.499850

2.172631 2.496615 2.496615
2.221151 2.499850 2.498821

2.221151 2.499850 2.498821
2.221988 2.498859 2.498859

2.172631 2.496615 2.496615
2.221988 2.498859 2.497936

2.221988 2.498859 2.497936
2.222905 2.497961 2.497961

2.172631 2.496615 2.496615
2.222905 2.497961 2.497134

2.222905 2.497961 2.497134
2.223915 2.497144 2.497144

2.172631 2.496615 2.496615
2.223915 2.497144 2.496403

2.223915 2.497144 2.496403
2.225031 2.496398 2.496398

2.225031 2.496398 2.496398
2.173506 2.492251 2.496611

2.173506 2.492251 2.496611
2.172631 2.496615 2.496615

2.173506 2.492251 2.492251
2.225031 2.496398 2.495644

2.225031 2.496398 2.495644
2.226253 2.495724 2.495724

2.173506 2.492251 2.492251
2.226253 2.495724 2.495050

2.226253 2.495724 2.495050
2.227581 2.495120 2.495120

2.173506 2.492251 2.492251
2.227581 2.495120 2.494528

2.227581 2.495120 2.494528
2.229014 2.494588 2.494588

2.173506 2.492251 2.492251
2.229014 2.494588 2.494076

2.229014 2.494588 2.494076
2.230554 2.494126 2.494126

2.173506 2.492251 2.492251
2.230554 2.494126 2.493694

2.230554 2.494126 2.493694
2.232200 2.493736 2.493736

2.173506 2.492251 2.492251
2.232200 2.493736 2.493383

2.232200 2.493736 2.493383
2.233951 2.493416 2.493416

2.173506 2.492251 2.492251
2.233951 2.493416 2.493141

2.233951 2.493416 2.493141
2.235809 2.493168 2.493168

2.173506 2.492251 2.492251
2.235809 2.493168 2.492968

2.235809 2.493168 2.492968
2.237772 2.492990 2.492990

2.173506 2.492251 2.492251
2.237772 2.492990 2.492864

2.237772 2.492990 2.492864
2.239842 2.492884 2.492884

2.173506 2.492251 2.492251
2.239842 2.492884 2.492829

2.239842 2.492884 2.492829
2.242017 2.492848 2.492848

2.173506 2.492251 2.492251
2.242017 2.492848 2.492645

2.242017 2.492848 2.492645
2.277409 2.492848 2.492848

2.173506 2.492251 2.492251
2.277409 2.457456 2.492848

2.277409 2.457456 2.492848
2.277409 2.492848 2.492848

2.277409 2.457456 2.457456
2.174575 2.488188 2.491893

2.174575 2.488188 2.491893
2.173506 2.492251 2.492251

2.277409 2.457456 2.457456
2.175839 2.484426 2.487811

2.175839 2.484426 2.487811
2.174575 2.488188 2.488188

2.277409 2.457456 2.457456
2.177297 2.480963 2.484039

2.177297 2.480963 2.484039
2.175839 2.484426 2.484426

2.277409 2.457456 2.457456
2.178950 2.477802 2.480575

2.178950 2.477802 2.480575
2.177297 2.480963 2.480963

2.277409 2.457456 2.457456
2.180797 2.474940 2.477420

2.180797 2.474940 2.477420
2.178950 2.477802 2.477802

2.277409 2.457456 2.457456
2.182839 2.472379 2.474571

2.182839 2.472379 2.474571
2.180797 2.474940 2.474940

2.277409 2.457456 2.457456
2.185075 2.470119 2.472026

2.185075 2.470119 2.472026
2.182839 2.472379 2.472379

2.277409 2.457456 2.457456
2.187586 2.468096 2.469774

2.187586 2.468096 2.469774
2.185075 2.470119 2.470119

2.277409 2.457456 2.457456
2.190454 2.466249 2.467757

2.190454 2.466249 2.467757
2.187586 2.468096 2.468096

2.277409 2.457456 2.457456
2.193677 2.464579 2.465923

2.193677 2.464579 2.465923
2.190454 2.466249 2.466249

2.277409 2.457456 2.457456
2.197257 2.463084 2.464274

2.197257 2.463084 2.464274
2.193677 2.464579 2.464579

2.277409 2.457456 2.457456
2.201193 2.461765 2.462808

2.201193 2.461765 2.462808
2.197257 2.463084 2.463084

2.277409 2.457456 2.457456
2.205484 2.460622 2.461522

2.205484 2.460622 2.461522
2.201193 2.461765 2.461765

2.277409 2.457456 2.457456
2.210132 2.459655 2.460417

2.210132 2.459655 2.460417
2.205484 2.460622 2.460622

2.277409 2.457456 2.457456
2.215137 2.458863 2.459491

2.215137 2.458863 2.459491
2.210132 2.459655 2.459655

2.277409 2.457456 2.457456
2.220497 2.458247 2.458742

2.220497 2.458247 2.458742
2.215137 2.458863 2.458863

2.277409 2.457456 2.457456
2.226213 2.457808 2.458168

2.226213 2.457808 2.458168
2.220497 2.458247 2.458247

2.277409 2.457456 2.457456
2.232285 2.457544 2.457766

2.232285 2.457544 2.457766
2.226213 2.457808 2.457808

2.277409 2.457456 2.457456
2.238714 2.457456 2.457532

2.238714 2.457456 2.457532
2.232285 2.457544 2.457544

2.028303 2.637824 2.637824
2.030922 2.637878 2.637784

2.030922 2.637878 2.637784
2.035862 2.637709 2.637709

2.025740 2.637664 2.637664
2.028303 2.637824 2.637675

2.028303 2.637824 2.637675
2.035862 2.637709 2.637709

2.025740 2.637664 2.637664
2.035862 2.637709 2.637351

2.035862 2.637709 2.637351
2.040614 2.637205 2.637205

2.023234 2.637396 2.637396
2.025740 2.637664 2.637368

2.025740 2.637664 2.637368
2.040614 2.637205 2.637205

2.020785 2.637021 2.637021
2.023234 2.637396 2.637044

2.023234 2.637396 2.637044
2.040614 2.637205 2.637205

2.020785 2.637021 2.637021
2.040614 2.637205 2.636487

2.040614 2.637205 2.636487
2.045177 2.636364 2.636364

2.018393 2.636539 2.636539
2.020785 2.637021 2.636524

2.020785 2.637021 2.636524
2.045177 2.636364 2.636364

2.016057 2.635951 2.635951
2.018393 2.636539 2.635984

2.018393 2.636539 2.635984
2.045177 2.636364 2.636364

2.016057 2.635951 2.635951
2.045177 2.636364 2.635286

2.045177 2.636364 2.635286
2.049553 2.635186 2.635186

2.013779 2.635255 2.635255
2.016057 2.635951 2.635250

2.016057 2.635951 2.635250
2.049553 2.635186 2.635186

2.011557 2.634452 2.634452
2.013779 2.635255 2.634495

2.013779 2.635255 2.634495
2.049553 2.635186 2.635186

2.011557 2.634452 2.634452
2.049553 2.635186 2.633750

2.049553 2.635186 2.633750
2.053741 2.633672 2.633672

2.009392 2.633542 2.633542
2.011557 2.634452 2.633548

2.011557 2.634452 2.633548
2.053741 2.633672 2.633672

2.009392 2.633542 2.633542
2.053741 2.633672 2.631964

2.053741 2.633672 2.631964
2.057742 2.631822 2.631822

1.984205 2.633631 2.633631
1.938273 2.390447 2.633631

1.938273 2.390447 2.633631
1.938273 2.633631 2.633631

1.938273 2.390447 2.390447
1.984205 2.607204 2.633631

1.984205 2.607204 2.633631
1.984205 2.633631 2.633631

2.007284 2.632525 2.632525
2.009392 2.633542 2.632496

2.009392 2.633542 2.632496
2.057742 2.631822 2.631822

2.005232 2.631401 2.631401
2.007284 2.632525 2.631417

2.007284 2.632525 2.631417
2.057742 2.631822 2.631822

2.005232 2.631401 2.631401
2.057742 2.631822 2.629754

2.057742 2.631822 2.629754
2.061554 2.629635 2.629635

2.003238 2.630170 2.630170
2.005232 2.631401 2.630152

2.005232 2.631401 2.630152
2.061554 2.629635 2.629635

2.001303 2.628833 2.628833
2.003238 2.630170 2.628859

2.003238 2.630170 2.628859
2.061554 2.629635 2.629635

2.001303 2.628833 2.628833
2.061554 2.629635 2.627209

2.061554 2.629635 2.627209
2.065178 2.627111 2.627111

1.999432 2.627391 2.627391
2.001303 2.628833 2.627383

2.001303 2.628833 2.627383
2.065178 2.627111 2.627111

1.997624 2.625844 2.625844
1.999432 2.627391 2.625878

1.999432 2.627391 2.625878
2.065178 2.627111 2.627111

1.997624 2.625844 2.625844
2.065178 2.627111 2.624329

2.065178 2.627111 2.624329
2.068615 2.624252 2.624252

1.995880 2.624193 2.624193
1.997624 2.625844 2.624194

1.997624 2.625844 2.624194
2.068615 2.624252 2.624252

1.995880 2.624193 2.624193
2.068615 2.624252 2.621190

2.068615 2.624252 2.621190
2.071864 2.621055 2.621055

1.994199 2.622436 2.622436
1.995880 2.624193 2.622406

1.995880 2.624193 2.622406
2.071864 2.621055 2.621055

1.992581 2.620575 2.620575
1.994199 2.622436 2.620585

1.994199 2.622436 2.620585
2.071864 2.621055 2.621055

1.992581 2.620575 2.620575
2.071864 2.621055 2.617636

2.071864 2.621055 2.617636
2.074924 2.617523 2.617523

1.991026 2.618608 2.618608
1.992581 2.620575 2.618588

1.992581 2.620575 2.618588
2.074924 2.617523 2.617523

1.989535 2.616538 2.616538
1.991026 2.618608 2.616555

1.991026 2.618608 2.616555
2.074924 2.617523 2.617523

1.989535 2.616538 2.616538
2.074924 2.617523 2.613748

2.074924 2.617523 2.613748
2.077797 2.613654 2.613654

1.988108 2.614362 2.614362
1.989535 2.616538 2.614350

1.989535 2.616538 2.614350
2.077797 2.613654 2.613654

1.986743 2.612081 2.612081
1.988108 2.614362 2.612104

1.988108 2.614362 2.612104
2.077797 2.613654 2.613654

1.986743 2.612081 2.612081
2.077797 2.613654 2.609553

2.077797 2.613654 2.609553
2.080461 2.609479 2.609479

1.985442 2.609695 2.609695
1.986743 2.612081 2.609692

1.986743 2.612081 2.609692
2.080461 2.609479 2.609479

1.984205 2.607204 2.607204
1.985442 2.609695 2.607234

1.985442 2.609695 2.607234
2.080461 2.609479 2.609479

1.984205 2.607204 2.607204
2.080461 2.609479 2.605082

2.080461 2.609479 2.605082
2.082892 2.605028 2.605028

1.938273 2.390447 2.390447
1.984205 2.607204 2.560767

1.984205 2.607204 2.560767
1.987149 2.571683 2.571683

1.988050 2.574783 2.574783
1.987149 2.571683 2.582382

1.987149 2.571683 2.582382
1.984205 2.607204 2.607204

1.989071 2.577731 2.577731
1.988050 2.574783 2.583916

1.988050 2.574783 2.583916
1.984205 2.607204 2.607204

1.990213 2.580525 2.580525
1.989071 2.577731 2.585594

1.989071 2.577731 2.585594
1.984205 2.607204 2.607204

1.991474 2.583166 2.583166
1.990213 2.580525 2.587338

1.990213 2.580525 2.587338
1.984205 2.607204 2.607204

1.992856 2.585654 2.585654
1.991474 2.583166 2.589097

1.991474 2.583166 2.589097
1.984205 2.607204 2.607204

1.994342 2.587966 2.587966
1.992856 2.585654 2.590785

1.992856 2.585654 2.590785
1.984205 2.607204 2.607204

1.995915 2.590076 2.590076
1.994342 2.587966 2.592377

1.994342 2.587966 2.592377
1.984205 2.607204 2.607204

1.997575 2.591986 2.591986
1.995915 2.590076 2.593876

1.995915 2.590076 2.593876
1.984205 2.607204 2.607204

1.999323 2.593694 2.593694
1.997575 2.591986 2.595256

1.997575 2.591986 2.595256
1.984205 2.607204 2.607204

2.001158 2.595202 2.595202
1.999323 2.593694 2.596501

1.999323 2.593694 2.596501
1.984205 2.607204 2.607204

2.003080 2.596508 2.596508
2.001158 2.595202 2.597597

2.001158 2.595202 2.597597
1.984205 2.607204 2.607204

2.005090 2.597614 2.597614
2.003080 2.596508 2.598537

2.003080 2.596508 2.598537
1.984205 2.607204 2.607204

2.007188 2.598518 2.598518
2.005090 2.597614 2.599311

2.005090 2.597614 2.599311
1.984205 2.607204 2.607204

2.009372 2.599221 2.599221
2.007188 2.598518 2.599914

2.007188 2.598518 2.599914
1.984205 2.607204 2.607204

2.011644 2.599724 2.599724
2.009372 2.599221 2.600343

2.009372 2.599221 2.600343
1.984205 2.607204 2.607204

2.014004 2.600025 2.600025
2.011644 2.599724 2.600594

2.011644 2.599724 2.600594
1.984205 2.607204 2.607204

2.016451 2.600126 2.600126
2.014004 2.600025 2.600663

2.014004 2.600025 2.600663
1.984205 2.607204 2.607204

2.082892 2.605028 2.605028
2.016451 2.600126 2.606493

2.016451 2.600126 2.606493
1.984205 2.607204 2.607204

2.016451 2.600126 2.600126
2.082892 2.605028 2.600297

2.082892 2.605028 2.600297
2.085092 2.600303 2.600303

2.016451 2.600126 2.600126
2.018897 2.600025 2.600132

2.018897 2.600025 2.600132
2.085092 2.600303 2.600303

2.018897 2.600025 2.600025
2.085092 2.600303 2.595439

2.085092 2.600303 2.595439
2.087060 2.595302 2.595302

2.087060 2.595302 2.595302
2.021253 2.599724 2.599862

2.021253 2.599724 2.599862
2.018897 2.600025 2.600025

2.087060 2.595302 2.595302
2.023520 2.599221 2.599572

2.023520 2.599221 2.599572
2.021253 2.599724 2.599724

2.087060 2.595302 2.595302
2.025697 2.598518 2.599087

2.025697 2.598518 2.599087
2.023520 2.599221 2.599221

2.087060 2.595302 2.595302
2.027784 2.597614 2.598409

2.027784 2.597614 2.598409
2.025697 2.598518 2.598518

2.087060 2.595302 2.595302
2.029782 2.596508 2.597536

2.029782 2.596508 2.597536
2.027784 2.597614 2.597614

2.087060 2.595302 2.595302
2.031690 2.595202 2.596468

2.031690 2.595202 2.596468
2.029782 2.596508 2.596508

2.031690 2.595202 2.595202
2.087060 2.595302 2.590184

2.087060 2.595302 2.590184
2.088797 2.590026 2.590026

2.088797 2.590026 2.590026
2.033509 2.593694 2.595037

2.033509 2.593694 2.595037
2.031690 2.595202 2.595202

2.088797 2.590026 2.590026
2.035238 2.591986 2.593579

2.035238 2.591986 2.593579
2.033509 2.593694 2.593694

2.088797 2.590026 2.590026
2.036878 2.590076 2.591926

2.036878 2.590076 2.591926
2.035238 2.591986 2.591986

2.088797 2.590026 2.590026
2.038428 2.587966 2.590075

2.038428 2.587966 2.590075
2.036878 2.590076 2.590076

2.038428 2.587966 2.587966
2.088797 2.590026 2.584576

2.088797 2.590026 2.584576
2.090302 2.584475 2.584475

2.090302 2.584475 2.584475
2.039888 2.585654 2.587868

2.039888 2.585654 2.587868
2.038428 2.587966 2.587966

2.090302 2.584475 2.584475
2.041245 2.583166 2.585623

2.041245 2.583166 2.585623
2.039888 2.585654 2.585654

2.041245 2.583166 2.583166
2.090302 2.584475 2.578762

2.090302 2.584475 2.578762
2.091576 2.578648 2.578648

2.091576 2.578648 2.578648
2.042484 2.580525 2.583055

2.042484 2.580525 2.583055
2.041245 2.583166 2.583166

2.091576 2.578648 2.578648
2.043604 2.577731 2.580482

2.043604 2.577731 2.580482
2.042484 2.580525 2.580525

2.043604 2.577731 2.577731
2.091576 2.578648 2.572656

2.091576 2.578648 2.572656
2.092618 2.572546 2.572546

2.092618 2.572546 2.572546
2.044607 2.574783 2.577625

2.044607 2.574783 2.577625
2.043604 2.577731 2.577731

2.092618 2.572546 2.572546
2.045492 2.571683 2.574742

2.045492 2.571683 2.574742
2.044607 2.574783 2.574783

2.045492 2.571683 2.571683
2.092618 2.572546 2.566263

2.092618 2.572546 2.566263
2.093429 2.566169 2.566169

1.938273 2.390447 2.390447
1.986367 2.568430 2.568787

1.986367 2.568430 2.568787
1.987149 2.571683 2.571683

2.093429 2.566169 2.566169
2.046259 2.568430 2.571595

2.046259 2.568430 2.571595
2.045492 2.571683 2.571683

1.938273 2.390447 2.390447
1.985707 2.565024 2.565985

1.985707 2.565024 2.565985
1.986367 2.568430 2.568430

2.093429 2.566169 2.566169
2.046908 2.565024 2.568399

2.046908 2.565024 2.568399
2.046259 2.568430 2.568430

2.046908 2.565024 2.565024
2.093429 2.566169 2.559584

2.093429 2.566169 2.559584
2.094008 2.559517 2.559517

1.938273 2.390447 2.390447
1.985166 2.561466 2.563034

1.985166 2.561466 2.563034
1.985707 2.565024 2.565024

2.094008 2.559517 2.559517
2.047439 2.561466 2.564962

2.047439 2.561466 2.564962
2.046908 2.565024 2.565024

1.938273 2.390447 2.390447
1.984745 2.557754 2.559932

1.984745 2.557754 2.559932
1.985166 2.561466 2.561466

2.094008 2.559517 2.559517
2.047852 2.557754 2.561448

2.047852 2.557754 2.561448
2.047439 2.561466 2.561466

2.047852 2.557754 2.557754
2.094008 2.559517 2.552628

2.094008 2.559517 2.552628
2.094355 2.552589 2.552589

1.938273 2.390447 2.390447
1.984445 2.553889 2.556672

1.984445 2.553889 2.556672
1.984745 2.557754 2.557754

2.094355 2.552589 2.552589
2.048146 2.553889 2.557721

2.048146 2.553889 2.557721
2.047852 2.557754 2.557754

1.938273 2.390447 2.390447
1.984265 2.549871 2.553251

1.984265 2.549871 2.553251
1.984445 2.553889 2.553889

2.094355 2.552589 2.552589
2.048323 2.549871 2.553884

2.048323 2.549871 2.553884
2.048146 2.553889 2.553889

2.048323 2.549871 2.549871
2.094355 2.552589 2.545397

2.094355 2.552589 2.545397
2.094471 2.545386 2.545386

1.938273 2.390447 2.390447
1.984205 2.545701 2.549663

1.984205 2.545701 2.549663
1.984265 2.549871 2.549871

2.094471 2.545386 2.545386
2.048383 2.545701 2.549865

2.048383 2.545701 2.549865
2.048323 2.549871 2.549871

1.938273 2.390447 2.390447
1.984205 2.545701 2.541333

1.984205 2.545701 2.541333
1.984265 2.541530 2.541530

2.048323 2.541530 2.541530
2.048383 2.545701 2.541535

2.048383 2.545701 2.541535
2.094471 2.545386 2.545386

2.048323 2.541530 2.541530
2.094353 2.538085 2.545376

2.094353 2.538085 2.545376
2.094471 2.545386 2.545386

1.938273 2.390447 2.390447
1.984265 2.541530 2.536938

1.984265 2.541530 2.536938
1.984445 2.537512 2.537512

2.048146 2.537512 2.537512
2.048323 2.541530 2.537514

2.048323 2.541530 2.537514
2.094353 2.538085 2.538085

2.048146 2.537512 2.537512
2.094001 2.531072 2.538080

2.094001 2.531072 2.538080
2.094353 2.538085 2.538085

1.938273 2.390447 2.390447
1.984445 2.537512 2.532722

1.984445 2.537512 2.532722
1.984745 2.533648 2.533648

2.047852 2.533648 2.533648
2.048146 2.537512 2.533631

2.048146 2.537512 2.533631
2.094001 2.531072 2.531072

1.938273 2.390447 2.390447
1.984745 2.533648 2.528685

1.984745 2.533648 2.528685
1.985166 2.529936 2.529936

2.047439 2.529936 2.529936
2.047852 2.533648 2.529946

2.047852 2.533648 2.529946
2.094001 2.531072 2.531072

2.047439 2.529936 2.529936
2.093414 2.524347 2.531058

2.093414 2.524347 2.531058
2.094001 2.531072 2.531072

1.938273 2.390447 2.390447
1.985166 2.529936 2.524827

1.985166 2.529936 2.524827
1.985707 2.526377 2.526377

2.046908 2.526377 2.526377
2.047439 2.529936 2.526354

2.047439 2.529936 2.526354
2.093414 2.524347 2.524347

1.938273 2.390447 2.390447
1.985707 2.526377 2.521150

1.985707 2.526377 2.521150
1.986367 2.522971 2.522971

2.046259 2.522971 2.522971
2.046908 2.526377 2.522990

2.046908 2.526377 2.522990
2.093414 2.524347 2.524347

2.046259 2.522971 2.522971
2.092592 2.517911 2.524323

2.092592 2.517911 2.524323
2.093414 2.524347 2.524347

1.938273 2.390447 2.390447
1.986367 2.522971 2.517652

1.986367 2.522971 2.517652
1.987149 2.519718 2.519718

2.045492 2.519718 2.519718
2.046259 2.522971 2.519689

2.046259 2.522971 2.519689
2.092592 2.517911 2.517911

1.938273 2.390447 2.390447
1.987149 2.519718 2.514333

1.987149 2.519718 2.514333
1.988050 2.516618 2.516618

2.044607 2.516618 2.516618
2.045492 2.519718 2.516642

2.045492 2.519718 2.516642
2.092592 2.517911 2.517911

2.044607 2.516618 2.516618
2.091535 2.511764 2.517883

2.091535 2.511764 2.517883
2.092592 2.517911 2.517911

1.938273 2.390447 2.390447
1.988050 2.516618 2.511193

1.988050 2.516618 2.511193
1.989071 2.513671 2.513671

2.043604 2.513671 2.513671
2.044607 2.516618 2.513631

2.044607 2.516618 2.513631
2.091535 2.511764 2.511764

1.938273 2.390447 2.390447
1.989071 2.513671 2.508230

1.989071 2.513671 2.508230
1.990213 2.510876 2.510876

2.042484 2.510876 2.510876
2.043604 2.513671 2.510897

2.043604 2.513671 2.510897
2.091535 2.511764 2.511764

2.042484 2.510876 2.510876
2.090244 2.505904 2.511740

2.090244 2.505904 2.511740
2.091535 2.511764 2.511764

1.938273 2.390447 2.390447
1.990213 2.510876 2.505442

1.990213 2.510876 2.505442
1.991474 2.508235 2.508235

2.041245 2.508235 2.508235
2.042484 2.510876 2.508176

2.042484 2.510876 2.508176
2.090244 2.505904 2.505904

1.938273 2.390447 2.390447
1.991474 2.508235 2.502828

1.991474 2.508235 2.502828
1.992856 2.505747 2.505747

2.039888 2.505747 2.505747
2.041245 2.508235 2.505751

2.041245 2.508235 2.505751
2.090244 2.505904 2.505904

2.039888 2.505747 2.505747
2.088717 2.500333 2.505899

2.088717 2.500333 2.505899
2.090244 2.505904 2.505904

1.938273 2.390447 2.390447
1.992856 2.505747 2.500442

1.992856 2.505747 2.500442
1.994342 2.503435 2.503435

2.038428 2.503435 2.503435
2.039888 2.505747 2.503345

2.039888 2.505747 2.503345
2.088717 2.500333 2.500333

1.938273 2.390447 2.390447
1.984205 2.482309 2.483007

1.984205 2.482309 2.483007
1.994342 2.503435 2.503435

1.984205 2.482309 2.482309
1.994342 2.503435 2.498771

1.994342 2.503435 2.498771
1.995915 2.501325 2.501325

2.036878 2.501325 2.501325
2.038428 2.503435 2.501295

2.038428 2.503435 2.501295
2.088717 2.500333 2.500333

1.984205 2.482309 2.482309
1.995915 2.501325 2.497291

1.995915 2.501325 2.497291
1.997575 2.499416 2.499416

2.035238 2.499416 2.499416
2.036878 2.501325 2.499444

2.036878 2.501325 2.499444
2.088717 2.500333 2.500333

2.035238 2.499416 2.499416
2.086956 2.495050 2.500303

2.086956 2.495050 2.500303
2.088717 2.500333 2.500333

1.984205 2.482309 2.482309
1.997575 2.499416 2.495927

1.997575 2.499416 2.495927
1.999323 2.497707 2.497707

2.033509 2.497707 2.497707
2.035238 2.499416 2.497621

2.035238 2.499416 2.497621
2.086956 2.495050 2.495050

1.984205 2.482309 2.482309
1.999323 2.497707 2.494696

1.999323 2.497707 2.494696
2.001158 2.496200 2.496200

2.031690 2.496200 2.496200
2.033509 2.497707 2.496162

2.033509 2.497707 2.496162
2.086956 2.495050 2.495050

1.984205 2.482309 2.482309
2.001158 2.496200 2.493612

2.001158 2.496200 2.493612
2.003080 2.494893 2.494893

2.029782 2.494893 2.494893
2.031690 2.496200 2.494898

2.031690 2.496200 2.494898
2.086956 2.495050 2.495050

2.029782 2.494893 2.494893
2.084959 2.490056 2.495045

2.084959 2.490056 2.495045
2.086956 2.495050 2.495050

1.984205 2.482309 2.482309
2.003080 2.494893 2.492683

2.003080 2.494893 2.492683
2.005090 2.493788 2.493788

2.027784 2.493788 2.493788
2.029782 2.494893 2.493657

2.029782 2.494893 2.493657
2.084959 2.490056 2.490056

1.984205 2.482309 2.482309
2.005090 2.493788 2.491918

2.005090 2.493788 2.491918
2.007188 2.492883 2.492883

2.025697 2.492883 2.492883
2.027784 2.493788 2.492784

2.027784 2.493788 2.492784
2.084959 2.490056 2.490056

1.984205 2.482309 2.482309
2.007188 2.492883 2.491323

2.007188 2.492883 2.491323
2.009372 2.492180 2.492180

2.023520 2.492180 2.492180
2.025697 2.492883 2.492105

2.025697 2.492883 2.492105
2.084959 2.490056 2.490056

1.984205 2.482309 2.482309
2.009372 2.492180 2.490902

2.009372 2.492180 2.490902
2.011644 2.491677 2.491677

2.021253 2.491677 2.491677
2.023520 2.492180 2.491620

2.023520 2.492180 2.491620
2.084959 2.490056 2.490056

1.984205 2.482309 2.482309
2.011644 2.491677 2.490658

2.011644 2.491677 2.490658
2.014004 2.491376 2.491376

2.018897 2.491376 2.491376
2.021253 2.491677 2.491329

2.021253 2.491677 2.491329
2.084959 2.490056 2.490056

1.984205 2.482309 2.482309
2.014004 2.491376 2.490595

2.014004 2.491376 2.490595
2.016451 2.491275 2.491275

2.016451 2.491275 2.491275
2.018897 2.491376 2.491232

2.018897 2.491376 2.491232
2.084959 2.490056 2.490056

1.984205 2.482309 2.482309
2.016451 2.491275 2.484789

2.016451 2.491275 2.484789
2.084959 2.490056 2.490056

1.984205 2.482309 2.482309
2.082728 2.485350 2.489885

2.082728 2.485350 2.489885
2.084959 2.490056 2.490056

1.984205 2.482309 2.482309
2.080262 2.480933 2.485274

2.080262 2.480933 2.485274
2.082728 2.485350 2.485350

1.938273 2.390447 2.390447
1.984205 2.390447 2.482309

1.984205 2.390447 2.482309
1.984205 2.482309 2.482309

2.080262 2.480933 2.480933
1.985639 2.479897 2.482289

1.985639 2.479897 2.482289
1.984205 2.482309 2.482309

1.985639 2.479897 2.479897
2.077561 2.476804 2.480903

2.077561 2.476804 2.480903
2.080262 2.480933 2.480933

2.077561 2.476804 2.476804
1.987113 2.477588 2.479847

1.987113 2.477588 2.479847
1.985639 2.479897 2.479897

2.077561 2.476804 2.476804
1.988624 2.475383 2.477575

1.988624 2.475383 2.477575
1.987113 2.477588 2.477588

1.988624 2.475383 2.475383
2.074643 2.472985 2.476757

2.074643 2.472985 2.476757
2.077561 2.476804 2.476804

2.074643 2.472985 2.472985
1.990173 2.473282 2.475340

1.990173 2.473282 2.475340
1.988624 2.475383 2.475383

2.074643 2.472985 2.472985
1.991761 2.471285 2.473277

1.991761 2.471285 2.473277
1.990173 2.473282 2.473282

1.991761 2.471285 2.471285
2.071525 2.469498 2.472921

2.071525 2.469498 2.472921
2.074643 2.472985 2.472985

2.071525 2.469498 2.469498
1.993387 2.469391 2.471248

1.993387 2.469391 2.471248
1.991761 2.471285 2.471285

1.993387 2.469391 2.469391
2.068207 2.466343 2.469494

2.068207 2.466343 2.469494
2.071525 2.469498 2.469498

2.068207 2.466343 2.466343
1.995051 2.467601 2.469323

1.995051 2.467601 2.469323
1.993387 2.469391 2.469391

2.068207 2.466343 2.466343
1.996754 2.465915 2.467572

1.996754 2.465915 2.467572
1.995051 2.467601 2.467601

1.996754 2.465915 2.465915
2.064689 2.463521 2.466322

2.064689 2.463521 2.466322
2.068207 2.466343 2.466343

2.064689 2.463521 2.463521
1.998494 2.464333 2.465854

1.998494 2.464333 2.465854
1.996754 2.465915 2.465915

2.064689 2.463521 2.463521
2.000273 2.462855 2.464311

2.000273 2.462855 2.464311
1.998494 2.464333 2.464333

2.000273 2.462855 2.462855
2.060971 2.461030 2.463482

2.060971 2.461030 2.463482
2.064689 2.463521 2.463521

2.060971 2.461030 2.461030
2.002090 2.461480 2.462800

2.002090 2.461480 2.462800
2.000273 2.462855 2.462855

2.060971 2.461030 2.461030
2.003946 2.460209 2.461466

2.003946 2.460209 2.461466
2.002090 2.461480 2.461480

2.003946 2.460209 2.460209
2.057054 2.458872 2.460974

2.057054 2.458872 2.460974
2.060971 2.461030 2.461030

2.057054 2.458872 2.458872
2.005840 2.459041 2.460161

2.005840 2.459041 2.460161
2.003946 2.460209 2.460209

2.057054 2.458872 2.458872
2.007775 2.457974 2.459034

2.007775 2.457974 2.459034
2.005840 2.459041 2.459041

2.007775 2.457974 2.457974
2.052936 2.457045 2.458797

2.052936 2.457045 2.458797
2.057054 2.458872 2.458872

2.052936 2.457045 2.457045
2.009751 2.457009 2.457933

2.009751 2.457009 2.457933
2.007775 2.457974 2.457974

2.009751 2.457009 2.457009
2.048618 2.455551 2.457042

2.048618 2.455551 2.457042
2.052936 2.457045 2.457045

2.048618 2.455551 2.455551
2.011767 2.456145 2.456933

2.011767 2.456145 2.456933
2.009751 2.457009 2.457009

2.048618 2.455551 2.455551
2.013823 2.455383 2.456112

2.013823 2.455383 2.456112
2.011767 2.456145 2.456145

2.013823 2.455383 2.455383
2.044101 2.454389 2.455529

2.044101 2.454389 2.455529
2.048618 2.455551 2.455551

2.044101 2.454389 2.454389
2.015920 2.454723 2.455314

2.015920 2.454723 2.455314
2.013823 2.455383 2.455383

2.044101 2.454389 2.454389
2.018057 2.454164 2.454698

2.018057 2.454164 2.454698
2.015920 2.454723 2.454723

2.018057 2.454164 2.454164
2.039384 2.453559 2.454348

2.039384 2.453559 2.454348
2.044101 2.454389 2.454389

2.039384 2.453559 2.453559
2.020235 2.453707 2.454102

2.020235 2.453707 2.454102
2.018057 2.454164 2.454164

2.039384 2.453559 2.453559
2.022453 2.453351 2.453690

2.022453 2.453351 2.453690
2.020235 2.453707 2.453707

2.022453 2.453351 2.453351
2.034467 2.453060 2.453499

2.034467 2.453060 2.453499
2.039384 2.453559 2.453559

2.034467 2.453060 2.453060
2.024711 2.453098 2.453297

2.024711 2.453098 2.453297
2.022453 2.453351 2.453351

2.034467 2.453060 2.453060
2.027010 2.452945 2.453089

2.027010 2.452945 2.453089
2.024711 2.453098 2.453098

2.027010 2.452945 2.452945
2.029349 2.452894 2.452981

2.029349 2.452894 2.452981
2.034467 2.453060 2.453060

